  -3.0000000e+00   4.2046162e-02
  -2.9880000e+00   4.2904036e-02
  -2.9760000e+00   4.3784816e-02
  -2.9640000e+00   4.4689241e-02
  -2.9520000e+00   4.5618074e-02
  -2.9400000e+00   4.6572109e-02
  -2.9280000e+00   4.7552168e-02
  -2.9160000e+00   4.8559103e-02
  -2.9040000e+00   4.9593798e-02
  -2.8920000e+00   5.0657170e-02
  -2.8800000e+00   5.1750172e-02
  -2.8680000e+00   5.2873788e-02
  -2.8560000e+00   5.4029044e-02
  -2.8440000e+00   5.5217002e-02
  -2.8320000e+00   5.6438763e-02
  -2.8200000e+00   5.7695473e-02
  -2.8080000e+00   5.8988318e-02
  -2.7960000e+00   6.0318529e-02
  -2.7840000e+00   6.1687387e-02
  -2.7720000e+00   6.3096219e-02
  -2.7600000e+00   6.4546401e-02
  -2.7480000e+00   6.6039365e-02
  -2.7360000e+00   6.7576595e-02
  -2.7240000e+00   6.9159632e-02
  -2.7120000e+00   7.0790076e-02
  -2.7000000e+00   7.2469589e-02
  -2.6880000e+00   7.4199893e-02
  -2.6760000e+00   7.5982779e-02
  -2.6640000e+00   7.7820105e-02
  -2.6520000e+00   7.9713798e-02
  -2.6400000e+00   8.1665861e-02
  -2.6280000e+00   8.3678369e-02
  -2.6160000e+00   8.5753480e-02
  -2.6040000e+00   8.7893429e-02
  -2.5920000e+00   9.0100536e-02
  -2.5800000e+00   9.2377210e-02
  -2.5680000e+00   9.4725947e-02
  -2.5560000e+00   9.7149336e-02
  -2.5440000e+00   9.9650063e-02
  -2.5320000e+00   1.0223091e-01
  -2.5200000e+00   1.0489476e-01
  -2.5080000e+00   1.0764460e-01
  -2.4960000e+00   1.1048353e-01
  -2.4840000e+00   1.1341475e-01
  -2.4720000e+00   1.1644157e-01
  -2.4600000e+00   1.1956744e-01
  -2.4480000e+00   1.2279588e-01
  -2.4360000e+00   1.2613058e-01
  -2.4240000e+00   1.2957532e-01
  -2.4120000e+00   1.3313400e-01
  -2.4000000e+00   1.3681067e-01
  -2.3880000e+00   1.4060948e-01
  -2.3760000e+00   1.4453472e-01
  -2.3640000e+00   1.4859079e-01
  -2.3520000e+00   1.5278224e-01
  -2.3400000e+00   1.5711372e-01
  -2.3280000e+00   1.6159000e-01
  -2.3160000e+00   1.6621600e-01
  -2.3040000e+00   1.7099672e-01
  -2.2920000e+00   1.7593728e-01
  -2.2800000e+00   1.8104292e-01
  -2.2680000e+00   1.8631895e-01
  -2.2560000e+00   1.9177080e-01
  -2.2440000e+00   1.9740393e-01
  -2.2320000e+00   2.0322392e-01
  -2.2200000e+00   2.0923635e-01
  -2.2080000e+00   2.1544685e-01
  -2.1960000e+00   2.2186108e-01
  -2.1840000e+00   2.2848467e-01
  -2.1720000e+00   2.3532321e-01
  -2.1600000e+00   2.4238225e-01
  -2.1480000e+00   2.4966723e-01
  -2.1360000e+00   2.5718345e-01
  -2.1240000e+00   2.6493606e-01
  -2.1120000e+00   2.7292998e-01
  -2.1000000e+00   2.8116988e-01
  -2.0880000e+00   2.8966009e-01
  -2.0760000e+00   2.9840459e-01
  -2.0640000e+00   3.0740691e-01
  -2.0520000e+00   3.1667006e-01
  -2.0400000e+00   3.2619649e-01
  -2.0280000e+00   3.3598797e-01
  -2.0160000e+00   3.4604550e-01
  -2.0040000e+00   3.5636928e-01
  -1.9920000e+00   3.6695852e-01
  -1.9800000e+00   3.7781143e-01
  -1.9680000e+00   3.8892502e-01
  -1.9560000e+00   4.0029507e-01
  -1.9440000e+00   4.1191596e-01
  -1.9320000e+00   4.2378056e-01
  -1.9200000e+00   4.3588013e-01
  -1.9080000e+00   4.4820417e-01
  -1.8960000e+00   4.6074034e-01
  -1.8840000e+00   4.7347428e-01
  -1.8720000e+00   4.8638957e-01
  -1.8600000e+00   4.9946756e-01
  -1.8480000e+00   5.1268732e-01
  -1.8360000e+00   5.2602555e-01
  -1.8240000e+00   5.3945650e-01
  -1.8120000e+00   5.5295192e-01
  -1.8000000e+00   5.6648106e-01
  -1.7880000e+00   5.8001066e-01
  -1.7760000e+00   5.9350496e-01
  -1.7640000e+00   6.0692582e-01
  -1.7520000e+00   6.2023274e-01
  -1.7400000e+00   6.3338308e-01
  -1.7280000e+00   6.4633217e-01
  -1.7160000e+00   6.5903356e-01
  -1.7040000e+00   6.7143932e-01
  -1.6920000e+00   6.8350026e-01
  -1.6800000e+00   6.9516636e-01
  -1.6680000e+00   7.0638713e-01
  -1.6560000e+00   7.1711200e-01
  -1.6440000e+00   7.2729084e-01
  -1.6320000e+00   7.3687441e-01
  -1.6200000e+00   7.4581485e-01
  -1.6080000e+00   7.5406623e-01
  -1.5960000e+00   7.6158502e-01
  -1.5840000e+00   7.6833066e-01
  -1.5720000e+00   7.7426600e-01
  -1.5600000e+00   7.7935779e-01
  -1.5480000e+00   7.8357711e-01
  -1.5360000e+00   7.8689975e-01
  -1.5240000e+00   7.8930652e-01
  -1.5120000e+00   7.9078352e-01
  -1.5000000e+00   7.9132237e-01
  -1.4880000e+00   7.9092024e-01
  -1.4760000e+00   7.8957999e-01
  -1.4640000e+00   7.8731006e-01
  -1.4520000e+00   7.8412438e-01
  -1.4400000e+00   7.8004217e-01
  -1.4280000e+00   7.7508769e-01
  -1.4160000e+00   7.6928989e-01
  -1.4040000e+00   7.6268207e-01
  -1.3920000e+00   7.5530142e-01
  -1.3800000e+00   7.4718853e-01
  -1.3680000e+00   7.3838698e-01
  -1.3560000e+00   7.2894274e-01
  -1.3440000e+00   7.1890370e-01
  -1.3320000e+00   7.0831914e-01
  -1.3200000e+00   6.9723926e-01
  -1.3080000e+00   6.8571464e-01
  -1.2960000e+00   6.7379582e-01
  -1.2840000e+00   6.6153288e-01
  -1.2720000e+00   6.4897502e-01
  -1.2600000e+00   6.3617025e-01
  -1.2480000e+00   6.2316504e-01
  -1.2360000e+00   6.1000410e-01
  -1.2240000e+00   5.9673014e-01
  -1.2120000e+00   5.8338367e-01
  -1.2000000e+00   5.7000291e-01
  -1.1880000e+00   5.5662365e-01
  -1.1760000e+00   5.4327919e-01
  -1.1640000e+00   5.3000035e-01
  -1.1520000e+00   5.1681541e-01
  -1.1400000e+00   5.0375016e-01
  -1.1280000e+00   4.9082797e-01
  -1.1160000e+00   4.7806983e-01
  -1.1040000e+00   4.6549441e-01
  -1.0920000e+00   4.5311820e-01
  -1.0800000e+00   4.4095561e-01
  -1.0680000e+00   4.2901904e-01
  -1.0560000e+00   4.1731903e-01
  -1.0440000e+00   4.0586440e-01
  -1.0320000e+00   3.9466231e-01
  -1.0200000e+00   3.8371846e-01
  -1.0080000e+00   3.7303712e-01
  -9.9600000e-01   3.6262133e-01
  -9.8400000e-01   3.5247296e-01
  -9.7200000e-01   3.4259285e-01
  -9.6000000e-01   3.3298088e-01
  -9.4800000e-01   3.2363610e-01
  -9.3600000e-01   3.1455680e-01
  -9.2400000e-01   3.0574062e-01
  -9.1200000e-01   2.9718461e-01
  -9.0000000e-01   2.8888530e-01
  -8.8800000e-01   2.8083881e-01
  -8.7600000e-01   2.7304086e-01
  -8.6400000e-01   2.6548687e-01
  -8.5200000e-01   2.5817198e-01
  -8.4000000e-01   2.5109115e-01
  -8.2800000e-01   2.4423914e-01
  -8.1600000e-01   2.3761059e-01
  -8.0400000e-01   2.3120005e-01
  -7.9200000e-01   2.2500202e-01
  -7.8000000e-01   2.1901093e-01
  -7.6800000e-01   2.1322126e-01
  -7.5600000e-01   2.0762744e-01
  -7.4400000e-01   2.0222399e-01
  -7.3200000e-01   1.9700546e-01
  -7.2000000e-01   1.9196645e-01
  -7.0800000e-01   1.8710166e-01
  -6.9600000e-01   1.8240587e-01
  -6.8400000e-01   1.7787398e-01
  -6.7200000e-01   1.7350097e-01
  -6.6000000e-01   1.6928193e-01
  -6.4800000e-01   1.6521210e-01
  -6.3600000e-01   1.6128682e-01
  -6.2400000e-01   1.5750155e-01
  -6.1200000e-01   1.5385190e-01
  -6.0000000e-01   1.5033358e-01
  -5.8800000e-01   1.4694244e-01
  -5.7600000e-01   1.4367448e-01
  -5.6400000e-01   1.4052579e-01
  -5.5200000e-01   1.3749263e-01
  -5.4000000e-01   1.3457136e-01
  -5.2800000e-01   1.3175847e-01
  -5.1600000e-01   1.2905057e-01
  -5.0400000e-01   1.2644441e-01
  -4.9200000e-01   1.2393684e-01
  -4.8000000e-01   1.2152484e-01
  -4.6800000e-01   1.1920549e-01
  -4.5600000e-01   1.1697600e-01
  -4.4400000e-01   1.1483368e-01
  -4.3200000e-01   1.1277594e-01
  -4.2000000e-01   1.1080032e-01
  -4.0800000e-01   1.0890443e-01
  -3.9600000e-01   1.0708600e-01
  -3.8400000e-01   1.0534285e-01
  -3.7200000e-01   1.0367289e-01
  -3.6000000e-01   1.0207413e-01
  -3.4800000e-01   1.0054467e-01
  -3.3600000e-01   9.9082681e-02
  -3.2400000e-01   9.7686431e-02
  -3.1200000e-01   9.6354268e-02
  -3.0000000e-01   9.5084618e-02
  -2.8800000e-01   9.3875984e-02
  -2.7600000e-01   9.2726945e-02
  -2.6400000e-01   9.1636153e-02
  -2.5200000e-01   9.0602331e-02
  -2.4000000e-01   8.9624273e-02
  -2.2800000e-01   8.8700838e-02
  -2.1600000e-01   8.7830953e-02
  -2.0400000e-01   8.7013610e-02
  -1.9200000e-01   8.6247861e-02
  -1.8000000e-01   8.5532823e-02
  -1.6800000e-01   8.4867671e-02
  -1.5600000e-01   8.4251640e-02
  -1.4400000e-01   8.3684021e-02
  -1.3200000e-01   8.3164166e-02
  -1.2000000e-01   8.2691477e-02
  -1.0800000e-01   8.2265415e-02
  -9.6000000e-02   8.1885493e-02
  -8.4000000e-02   8.1551279e-02
  -7.2000000e-02   8.1262390e-02
  -6.0000000e-02   8.1018500e-02
  -4.8000000e-02   8.0819329e-02
  -3.6000000e-02   8.0664653e-02
  -2.4000000e-02   8.0554295e-02
  -1.2000000e-02   8.0488131e-02
   0.0000000e+00   8.0466084e-02
   1.2000000e-02   8.0488131e-02
   2.4000000e-02   8.0554295e-02
   3.6000000e-02   8.0664653e-02
   4.8000000e-02   8.0819329e-02
   6.0000000e-02   8.1018500e-02
   7.2000000e-02   8.1262390e-02
   8.4000000e-02   8.1551279e-02
   9.6000000e-02   8.1885493e-02
   1.0800000e-01   8.2265415e-02
   1.2000000e-01   8.2691477e-02
   1.3200000e-01   8.3164166e-02
   1.4400000e-01   8.3684021e-02
   1.5600000e-01   8.4251640e-02
   1.6800000e-01   8.4867671e-02
   1.8000000e-01   8.5532823e-02
   1.9200000e-01   8.6247861e-02
   2.0400000e-01   8.7013610e-02
   2.1600000e-01   8.7830953e-02
   2.2800000e-01   8.8700838e-02
   2.4000000e-01   8.9624273e-02
   2.5200000e-01   9.0602331e-02
   2.6400000e-01   9.1636153e-02
   2.7600000e-01   9.2726945e-02
   2.8800000e-01   9.3875984e-02
   3.0000000e-01   9.5084618e-02
   3.1200000e-01   9.6354268e-02
   3.2400000e-01   9.7686431e-02
   3.3600000e-01   9.9082681e-02
   3.4800000e-01   1.0054467e-01
   3.6000000e-01   1.0207413e-01
   3.7200000e-01   1.0367289e-01
   3.8400000e-01   1.0534285e-01
   3.9600000e-01   1.0708600e-01
   4.0800000e-01   1.0890443e-01
   4.2000000e-01   1.1080032e-01
   4.3200000e-01   1.1277594e-01
   4.4400000e-01   1.1483368e-01
   4.5600000e-01   1.1697600e-01
   4.6800000e-01   1.1920549e-01
   4.8000000e-01   1.2152484e-01
   4.9200000e-01   1.2393684e-01
   5.0400000e-01   1.2644441e-01
   5.1600000e-01   1.2905057e-01
   5.2800000e-01   1.3175847e-01
   5.4000000e-01   1.3457136e-01
   5.5200000e-01   1.3749263e-01
   5.6400000e-01   1.4052579e-01
   5.7600000e-01   1.4367448e-01
   5.8800000e-01   1.4694244e-01
   6.0000000e-01   1.5033358e-01
   6.1200000e-01   1.5385190e-01
   6.2400000e-01   1.5750155e-01
   6.3600000e-01   1.6128682e-01
   6.4800000e-01   1.6521210e-01
   6.6000000e-01   1.6928193e-01
   6.7200000e-01   1.7350097e-01
   6.8400000e-01   1.7787398e-01
   6.9600000e-01   1.8240587e-01
   7.0800000e-01   1.8710166e-01
   7.2000000e-01   1.9196645e-01
   7.3200000e-01   1.9700546e-01
   7.4400000e-01   2.0222399e-01
   7.5600000e-01   2.0762744e-01
   7.6800000e-01   2.1322126e-01
   7.8000000e-01   2.1901093e-01
   7.9200000e-01   2.2500202e-01
   8.0400000e-01   2.3120005e-01
   8.1600000e-01   2.3761059e-01
   8.2800000e-01   2.4423914e-01
   8.4000000e-01   2.5109115e-01
   8.5200000e-01   2.5817198e-01
   8.6400000e-01   2.6548687e-01
   8.7600000e-01   2.7304086e-01
   8.8800000e-01   2.8083881e-01
   9.0000000e-01   2.8888530e-01
   9.1200000e-01   2.9718461e-01
   9.2400000e-01   3.0574062e-01
   9.3600000e-01   3.1455680e-01
   9.4800000e-01   3.2363610e-01
   9.6000000e-01   3.3298088e-01
   9.7200000e-01   3.4259285e-01
   9.8400000e-01   3.5247296e-01
   9.9600000e-01   3.6262133e-01
   1.0080000e+00   3.7303712e-01
   1.0200000e+00   3.8371846e-01
   1.0320000e+00   3.9466231e-01
   1.0440000e+00   4.0586440e-01
   1.0560000e+00   4.1731903e-01
   1.0680000e+00   4.2901904e-01
   1.0800000e+00   4.4095561e-01
   1.0920000e+00   4.5311820e-01
   1.1040000e+00   4.6549441e-01
   1.1160000e+00   4.7806983e-01
   1.1280000e+00   4.9082797e-01
   1.1400000e+00   5.0375016e-01
   1.1520000e+00   5.1681541e-01
   1.1640000e+00   5.3000035e-01
   1.1760000e+00   5.4327919e-01
   1.1880000e+00   5.5662365e-01
   1.2000000e+00   5.7000291e-01
   1.2120000e+00   5.8338367e-01
   1.2240000e+00   5.9673014e-01
   1.2360000e+00   6.1000410e-01
   1.2480000e+00   6.2316504e-01
   1.2600000e+00   6.3617025e-01
   1.2720000e+00   6.4897502e-01
   1.2840000e+00   6.6153288e-01
   1.2960000e+00   6.7379582e-01
   1.3080000e+00   6.8571464e-01
   1.3200000e+00   6.9723926e-01
   1.3320000e+00   7.0831914e-01
   1.3440000e+00   7.1890370e-01
   1.3560000e+00   7.2894274e-01
   1.3680000e+00   7.3838698e-01
   1.3800000e+00   7.4718853e-01
   1.3920000e+00   7.5530142e-01
   1.4040000e+00   7.6268207e-01
   1.4160000e+00   7.6928989e-01
   1.4280000e+00   7.7508769e-01
   1.4400000e+00   7.8004217e-01
   1.4520000e+00   7.8412438e-01
   1.4640000e+00   7.8731006e-01
   1.4760000e+00   7.8957999e-01
   1.4880000e+00   7.9092024e-01
   1.5000000e+00   7.9132237e-01
   1.5120000e+00   7.9078352e-01
   1.5240000e+00   7.8930652e-01
   1.5360000e+00   7.8689975e-01
   1.5480000e+00   7.8357711e-01
   1.5600000e+00   7.7935779e-01
   1.5720000e+00   7.7426600e-01
   1.5840000e+00   7.6833066e-01
   1.5960000e+00   7.6158502e-01
   1.6080000e+00   7.5406623e-01
   1.6200000e+00   7.4581485e-01
   1.6320000e+00   7.3687441e-01
   1.6440000e+00   7.2729084e-01
   1.6560000e+00   7.1711200e-01
   1.6680000e+00   7.0638713e-01
   1.6800000e+00   6.9516636e-01
   1.6920000e+00   6.8350026e-01
   1.7040000e+00   6.7143932e-01
   1.7160000e+00   6.5903356e-01
   1.7280000e+00   6.4633217e-01
   1.7400000e+00   6.3338308e-01
   1.7520000e+00   6.2023274e-01
   1.7640000e+00   6.0692582e-01
   1.7760000e+00   5.9350496e-01
   1.7880000e+00   5.8001066e-01
   1.8000000e+00   5.6648106e-01
   1.8120000e+00   5.5295192e-01
   1.8240000e+00   5.3945650e-01
   1.8360000e+00   5.2602555e-01
   1.8480000e+00   5.1268732e-01
   1.8600000e+00   4.9946756e-01
   1.8720000e+00   4.8638957e-01
   1.8840000e+00   4.7347428e-01
   1.8960000e+00   4.6074034e-01
   1.9080000e+00   4.4820417e-01
   1.9200000e+00   4.3588013e-01
   1.9320000e+00   4.2378056e-01
   1.9440000e+00   4.1191596e-01
   1.9560000e+00   4.0029507e-01
   1.9680000e+00   3.8892502e-01
   1.9800000e+00   3.7781143e-01
   1.9920000e+00   3.6695852e-01
   2.0040000e+00   3.5636928e-01
   2.0160000e+00   3.4604550e-01
   2.0280000e+00   3.3598797e-01
   2.0400000e+00   3.2619649e-01
   2.0520000e+00   3.1667006e-01
   2.0640000e+00   3.0740691e-01
   2.0760000e+00   2.9840459e-01
   2.0880000e+00   2.8966009e-01
   2.1000000e+00   2.8116988e-01
   2.1120000e+00   2.7292998e-01
   2.1240000e+00   2.6493606e-01
   2.1360000e+00   2.5718345e-01
   2.1480000e+00   2.4966723e-01
   2.1600000e+00   2.4238225e-01
   2.1720000e+00   2.3532321e-01
   2.1840000e+00   2.2848467e-01
   2.1960000e+00   2.2186108e-01
   2.2080000e+00   2.1544685e-01
   2.2200000e+00   2.0923635e-01
   2.2320000e+00   2.0322392e-01
   2.2440000e+00   1.9740393e-01
   2.2560000e+00   1.9177080e-01
   2.2680000e+00   1.8631895e-01
   2.2800000e+00   1.8104292e-01
   2.2920000e+00   1.7593728e-01
   2.3040000e+00   1.7099672e-01
   2.3160000e+00   1.6621600e-01
   2.3280000e+00   1.6159000e-01
   2.3400000e+00   1.5711372e-01
   2.3520000e+00   1.5278224e-01
   2.3640000e+00   1.4859079e-01
   2.3760000e+00   1.4453472e-01
   2.3880000e+00   1.4060948e-01
   2.4000000e+00   1.3681067e-01
   2.4120000e+00   1.3313400e-01
   2.4240000e+00   1.2957532e-01
   2.4360000e+00   1.2613058e-01
   2.4480000e+00   1.2279588e-01
   2.4600000e+00   1.1956744e-01
   2.4720000e+00   1.1644157e-01
   2.4840000e+00   1.1341475e-01
   2.4960000e+00   1.1048353e-01
   2.5080000e+00   1.0764460e-01
   2.5200000e+00   1.0489476e-01
   2.5320000e+00   1.0223091e-01
   2.5440000e+00   9.9650063e-02
   2.5560000e+00   9.7149336e-02
   2.5680000e+00   9.4725947e-02
   2.5800000e+00   9.2377210e-02
   2.5920000e+00   9.0100536e-02
   2.6040000e+00   8.7893429e-02
   2.6160000e+00   8.5753480e-02
   2.6280000e+00   8.3678369e-02
   2.6400000e+00   8.1665861e-02
   2.6520000e+00   7.9713798e-02
   2.6640000e+00   7.7820105e-02
   2.6760000e+00   7.5982779e-02
   2.6880000e+00   7.4199893e-02
   2.7000000e+00   7.2469589e-02
   2.7120000e+00   7.0790076e-02
   2.7240000e+00   6.9159632e-02
   2.7360000e+00   6.7576595e-02
   2.7480000e+00   6.6039365e-02
   2.7600000e+00   6.4546401e-02
   2.7720000e+00   6.3096219e-02
   2.7840000e+00   6.1687387e-02
   2.7960000e+00   6.0318529e-02
   2.8080000e+00   5.8988318e-02
   2.8200000e+00   5.7695473e-02
   2.8320000e+00   5.6438763e-02
   2.8440000e+00   5.5217002e-02
   2.8560000e+00   5.4029044e-02
   2.8680000e+00   5.2873788e-02
   2.8800000e+00   5.1750172e-02
   2.8920000e+00   5.0657170e-02
   2.9040000e+00   4.9593798e-02
   2.9160000e+00   4.8559103e-02
   2.9280000e+00   4.7552168e-02
   2.9400000e+00   4.6572109e-02
   2.9520000e+00   4.5618074e-02
   2.9640000e+00   4.4689241e-02
   2.9760000e+00   4.3784816e-02
   2.9880000e+00   4.2904036e-02
   3.0000000e+00   4.2046162e-02
