  -5.0000000e+00   4.3984572e-03
  -4.9800000e+00   4.4678677e-03
  -4.9600000e+00   4.5387767e-03
  -4.9400000e+00   4.6112251e-03
  -4.9200000e+00   4.6852553e-03
  -4.9000000e+00   4.7609110e-03
  -4.8800000e+00   4.8382375e-03
  -4.8600000e+00   4.9172816e-03
  -4.8400000e+00   4.9980916e-03
  -4.8200000e+00   5.0807174e-03
  -4.8000000e+00   5.1652108e-03
  -4.7800000e+00   5.2516251e-03
  -4.7600000e+00   5.3400157e-03
  -4.7400000e+00   5.4304398e-03
  -4.7200000e+00   5.5229567e-03
  -4.7000000e+00   5.6176276e-03
  -4.6800000e+00   5.7145159e-03
  -4.6600000e+00   5.8136875e-03
  -4.6400000e+00   5.9152104e-03
  -4.6200000e+00   6.0191551e-03
  -4.6000000e+00   6.1255946e-03
  -4.5800000e+00   6.2346047e-03
  -4.5600000e+00   6.3462639e-03
  -4.5400000e+00   6.4606535e-03
  -4.5200000e+00   6.5778580e-03
  -4.5000000e+00   6.6979648e-03
  -4.4800000e+00   6.8210647e-03
  -4.4600000e+00   6.9472521e-03
  -4.4400000e+00   7.0766246e-03
  -4.4200000e+00   7.2092838e-03
  -4.4000000e+00   7.3453352e-03
  -4.3800000e+00   7.4848881e-03
  -4.3600000e+00   7.6280563e-03
  -4.3400000e+00   7.7749580e-03
  -4.3200000e+00   7.9257159e-03
  -4.3000000e+00   8.0804578e-03
  -4.2800000e+00   8.2393164e-03
  -4.2600000e+00   8.4024298e-03
  -4.2400000e+00   8.5699415e-03
  -4.2200000e+00   8.7420009e-03
  -4.2000000e+00   8.9187637e-03
  -4.1800000e+00   9.1003917e-03
  -4.1600000e+00   9.2870535e-03
  -4.1400000e+00   9.4789248e-03
  -4.1200000e+00   9.6761883e-03
  -4.1000000e+00   9.8790350e-03
  -4.0800000e+00   1.0087663e-02
  -4.0600000e+00   1.0302281e-02
  -4.0400000e+00   1.0523103e-02
  -4.0200000e+00   1.0750356e-02
  -4.0000000e+00   1.0984274e-02
  -3.9800000e+00   1.1225104e-02
  -3.9600000e+00   1.1473101e-02
  -3.9400000e+00   1.1728534e-02
  -3.9200000e+00   1.1991681e-02
  -3.9000000e+00   1.2262836e-02
  -3.8800000e+00   1.2542303e-02
  -3.8600000e+00   1.2830402e-02
  -3.8400000e+00   1.3127468e-02
  -3.8200000e+00   1.3433849e-02
  -3.8000000e+00   1.3749911e-02
  -3.7800000e+00   1.4076037e-02
  -3.7600000e+00   1.4412628e-02
  -3.7400000e+00   1.4760103e-02
  -3.7200000e+00   1.5118904e-02
  -3.7000000e+00   1.5489490e-02
  -3.6800000e+00   1.5872344e-02
  -3.6600000e+00   1.6267976e-02
  -3.6400000e+00   1.6676915e-02
  -3.6200000e+00   1.7099720e-02
  -3.6000000e+00   1.7536977e-02
  -3.5800000e+00   1.7989301e-02
  -3.5600000e+00   1.8457340e-02
  -3.5400000e+00   1.8941772e-02
  -3.5200000e+00   1.9443310e-02
  -3.5000000e+00   1.9962707e-02
  -3.4800000e+00   2.0500752e-02
  -3.4600000e+00   2.1058276e-02
  -3.4400000e+00   2.1636153e-02
  -3.4200000e+00   2.2235306e-02
  -3.4000000e+00   2.2856705e-02
  -3.3800000e+00   2.3501372e-02
  -3.3600000e+00   2.4170386e-02
  -3.3400000e+00   2.4864883e-02
  -3.3200000e+00   2.5586062e-02
  -3.3000000e+00   2.6335188e-02
  -3.2800000e+00   2.7113599e-02
  -3.2600000e+00   2.7922704e-02
  -3.2400000e+00   2.8763993e-02
  -3.2200000e+00   2.9639042e-02
  -3.2000000e+00   3.0549515e-02
  -3.1800000e+00   3.1497174e-02
  -3.1600000e+00   3.2483881e-02
  -3.1400000e+00   3.3511608e-02
  -3.1200000e+00   3.4582441e-02
  -3.1000000e+00   3.5698591e-02
  -3.0800000e+00   3.6862400e-02
  -3.0600000e+00   3.8076350e-02
  -3.0400000e+00   3.9343072e-02
  -3.0200000e+00   4.0665356e-02
  -3.0000000e+00   4.2046162e-02
  -2.9800000e+00   4.3488633e-02
  -2.9600000e+00   4.4996101e-02
  -2.9400000e+00   4.6572109e-02
  -2.9200000e+00   4.8220418e-02
  -2.9000000e+00   4.9945023e-02
  -2.8800000e+00   5.1750172e-02
  -2.8600000e+00   5.3640379e-02
  -2.8400000e+00   5.5620444e-02
  -2.8200000e+00   5.7695473e-02
  -2.8000000e+00   5.9870896e-02
  -2.7800000e+00   6.2152489e-02
  -2.7600000e+00   6.4546401e-02
  -2.7400000e+00   6.7059172e-02
  -2.7200000e+00   6.9697765e-02
  -2.7000000e+00   7.2469589e-02
  -2.6800000e+00   7.5382528e-02
  -2.6600000e+00   7.8444976e-02
  -2.6400000e+00   8.1665861e-02
  -2.6200000e+00   8.5054684e-02
  -2.6000000e+00   8.8621552e-02
  -2.5800000e+00   9.2377210e-02
  -2.5600000e+00   9.6333082e-02
  -2.5400000e+00   1.0050130e-01
  -2.5200000e+00   1.0489476e-01
  -2.5000000e+00   1.0952713e-01
  -2.4800000e+00   1.1441290e-01
  -2.4600000e+00   1.1956744e-01
  -2.4400000e+00   1.2500698e-01
  -2.4200000e+00   1.3074869e-01
  -2.4000000e+00   1.3681067e-01
  -2.3800000e+00   1.4321199e-01
  -2.3600000e+00   1.4997267e-01
  -2.3400000e+00   1.5711372e-01
  -2.3200000e+00   1.6465706e-01
  -2.3000000e+00   1.7262556e-01
  -2.2800000e+00   1.8104292e-01
  -2.2600000e+00   1.8993364e-01
  -2.2400000e+00   1.9932289e-01
  -2.2200000e+00   2.0923635e-01
  -2.2000000e+00   2.1970002e-01
  -2.1800000e+00   2.3074002e-01
  -2.1600000e+00   2.4238225e-01
  -2.1400000e+00   2.5465203e-01
  -2.1200000e+00   2.6757365e-01
  -2.1000000e+00   2.8116988e-01
  -2.0800000e+00   2.9546128e-01
  -2.0600000e+00   3.1046551e-01
  -2.0400000e+00   3.2619649e-01
  -2.0200000e+00   3.4266340e-01
  -2.0000000e+00   3.5986960e-01
  -1.9800000e+00   3.7781143e-01
  -1.9600000e+00   3.9647688e-01
  -1.9400000e+00   4.1584414e-01
  -1.9200000e+00   4.3588013e-01
  -1.9000000e+00   4.5653889e-01
  -1.8800000e+00   4.7776010e-01
  -1.8600000e+00   4.9946756e-01
  -1.8400000e+00   5.2156785e-01
  -1.8200000e+00   5.4394928e-01
  -1.8000000e+00   5.6648106e-01
  -1.7800000e+00   5.8901309e-01
  -1.7600000e+00   6.1137618e-01
  -1.7400000e+00   6.3338308e-01
  -1.7200000e+00   6.5483022e-01
  -1.7000000e+00   6.7550040e-01
  -1.6800000e+00   6.9516636e-01
  -1.6600000e+00   7.1359525e-01
  -1.6400000e+00   7.3055390e-01
  -1.6200000e+00   7.4581485e-01
  -1.6000000e+00   7.5916272e-01
  -1.5800000e+00   7.7040087e-01
  -1.5600000e+00   7.7935779e-01
  -1.5400000e+00   7.8589313e-01
  -1.5200000e+00   7.8990269e-01
  -1.5000000e+00   7.9132237e-01
  -1.4800000e+00   7.9013057e-01
  -1.4600000e+00   7.8634908e-01
  -1.4400000e+00   7.8004217e-01
  -1.4200000e+00   7.7131422e-01
  -1.4000000e+00   7.6030579e-01
  -1.3800000e+00   7.4718853e-01
  -1.3600000e+00   7.3215931e-01
  -1.3400000e+00   7.1543366e-01
  -1.3200000e+00   6.9723926e-01
  -1.3000000e+00   6.7780946e-01
  -1.2800000e+00   6.5737730e-01
  -1.2600000e+00   6.3617025e-01
  -1.2400000e+00   6.1440570e-01
  -1.2200000e+00   5.9228743e-01
  -1.2000000e+00   5.7000291e-01
  -1.1800000e+00   5.4772152e-01
  -1.1600000e+00   5.2559361e-01
  -1.1400000e+00   5.0375016e-01
  -1.1200000e+00   4.8230312e-01
  -1.1000000e+00   4.6134612e-01
  -1.0800000e+00   4.4095561e-01
  -1.0600000e+00   4.2119217e-01
  -1.0400000e+00   4.0210200e-01
  -1.0200000e+00   3.8371846e-01
  -1.0000000e+00   3.6606361e-01
  -9.8000000e-01   3.4914977e-01
  -9.6000000e-01   3.3298088e-01
  -9.4000000e-01   3.1755387e-01
  -9.2000000e-01   3.0285987e-01
  -9.0000000e-01   2.8888530e-01
  -8.8000000e-01   2.7561284e-01
  -8.6000000e-01   2.6302225e-01
  -8.4000000e-01   2.5109115e-01
  -8.2000000e-01   2.3979561e-01
  -8.0000000e-01   2.2911070e-01
  -7.8000000e-01   2.1901093e-01
  -7.6000000e-01   2.0947063e-01
  -7.4000000e-01   2.0046420e-01
  -7.2000000e-01   1.9196645e-01
  -7.0000000e-01   1.8395268e-01
  -6.8000000e-01   1.7639890e-01
  -6.6000000e-01   1.6928193e-01
  -6.4000000e-01   1.6257947e-01
  -6.2000000e-01   1.5627015e-01
  -6.0000000e-01   1.5033358e-01
  -5.8000000e-01   1.4475036e-01
  -5.6000000e-01   1.3950209e-01
  -5.4000000e-01   1.3457136e-01
  -5.2000000e-01   1.2994174e-01
  -5.0000000e-01   1.2559775e-01
  -4.8000000e-01   1.2152484e-01
  -4.6000000e-01   1.1770935e-01
  -4.4000000e-01   1.1413849e-01
  -4.2000000e-01   1.1080032e-01
  -4.0000000e-01   1.0768367e-01
  -3.8000000e-01   1.0477816e-01
  -3.6000000e-01   1.0207413e-01
  -3.4000000e-01   9.9562622e-02
  -3.2000000e-01   9.7235336e-02
  -3.0000000e-01   9.5084618e-02
  -2.8000000e-01   9.3103421e-02
  -2.6000000e-01   9.1285277e-02
  -2.4000000e-01   8.9624273e-02
  -2.2000000e-01   8.8115028e-02
  -2.0000000e-01   8.6752672e-02
  -1.8000000e-01   8.5532823e-02
  -1.6000000e-01   8.4451570e-02
  -1.4000000e-01   8.3505460e-02
  -1.2000000e-01   8.2691477e-02
  -1.0000000e-01   8.2007035e-02
  -8.0000000e-02   8.1449963e-02
  -6.0000000e-02   8.1018500e-02
  -4.0000000e-02   8.0711280e-02
  -2.0000000e-02   8.0527335e-02
   0.0000000e+00   8.0466084e-02
   2.0000000e-02   8.0527335e-02
   4.0000000e-02   8.0711280e-02
   6.0000000e-02   8.1018500e-02
   8.0000000e-02   8.1449963e-02
   1.0000000e-01   8.2007035e-02
   1.2000000e-01   8.2691477e-02
   1.4000000e-01   8.3505460e-02
   1.6000000e-01   8.4451570e-02
   1.8000000e-01   8.5532823e-02
   2.0000000e-01   8.6752672e-02
   2.2000000e-01   8.8115028e-02
   2.4000000e-01   8.9624273e-02
   2.6000000e-01   9.1285277e-02
   2.8000000e-01   9.3103421e-02
   3.0000000e-01   9.5084618e-02
   3.2000000e-01   9.7235336e-02
   3.4000000e-01   9.9562622e-02
   3.6000000e-01   1.0207413e-01
   3.8000000e-01   1.0477816e-01
   4.0000000e-01   1.0768367e-01
   4.2000000e-01   1.1080032e-01
   4.4000000e-01   1.1413849e-01
   4.6000000e-01   1.1770935e-01
   4.8000000e-01   1.2152484e-01
   5.0000000e-01   1.2559775e-01
   5.2000000e-01   1.2994174e-01
   5.4000000e-01   1.3457136e-01
   5.6000000e-01   1.3950209e-01
   5.8000000e-01   1.4475036e-01
   6.0000000e-01   1.5033358e-01
   6.2000000e-01   1.5627015e-01
   6.4000000e-01   1.6257947e-01
   6.6000000e-01   1.6928193e-01
   6.8000000e-01   1.7639890e-01
   7.0000000e-01   1.8395268e-01
   7.2000000e-01   1.9196645e-01
   7.4000000e-01   2.0046420e-01
   7.6000000e-01   2.0947063e-01
   7.8000000e-01   2.1901093e-01
   8.0000000e-01   2.2911070e-01
   8.2000000e-01   2.3979561e-01
   8.4000000e-01   2.5109115e-01
   8.6000000e-01   2.6302225e-01
   8.8000000e-01   2.7561284e-01
   9.0000000e-01   2.8888530e-01
   9.2000000e-01   3.0285987e-01
   9.4000000e-01   3.1755387e-01
   9.6000000e-01   3.3298088e-01
   9.8000000e-01   3.4914977e-01
   1.0000000e+00   3.6606361e-01
   1.0200000e+00   3.8371846e-01
   1.0400000e+00   4.0210200e-01
   1.0600000e+00   4.2119217e-01
   1.0800000e+00   4.4095561e-01
   1.1000000e+00   4.6134612e-01
   1.1200000e+00   4.8230312e-01
   1.1400000e+00   5.0375016e-01
   1.1600000e+00   5.2559361e-01
   1.1800000e+00   5.4772152e-01
   1.2000000e+00   5.7000291e-01
   1.2200000e+00   5.9228743e-01
   1.2400000e+00   6.1440570e-01
   1.2600000e+00   6.3617025e-01
   1.2800000e+00   6.5737730e-01
   1.3000000e+00   6.7780946e-01
   1.3200000e+00   6.9723926e-01
   1.3400000e+00   7.1543366e-01
   1.3600000e+00   7.3215931e-01
   1.3800000e+00   7.4718853e-01
   1.4000000e+00   7.6030579e-01
   1.4200000e+00   7.7131422e-01
   1.4400000e+00   7.8004217e-01
   1.4600000e+00   7.8634908e-01
   1.4800000e+00   7.9013057e-01
   1.5000000e+00   7.9132237e-01
   1.5200000e+00   7.8990269e-01
   1.5400000e+00   7.8589313e-01
   1.5600000e+00   7.7935779e-01
   1.5800000e+00   7.7040087e-01
   1.6000000e+00   7.5916272e-01
   1.6200000e+00   7.4581485e-01
   1.6400000e+00   7.3055390e-01
   1.6600000e+00   7.1359525e-01
   1.6800000e+00   6.9516636e-01
   1.7000000e+00   6.7550040e-01
   1.7200000e+00   6.5483022e-01
   1.7400000e+00   6.3338308e-01
   1.7600000e+00   6.1137618e-01
   1.7800000e+00   5.8901309e-01
   1.8000000e+00   5.6648106e-01
   1.8200000e+00   5.4394928e-01
   1.8400000e+00   5.2156785e-01
   1.8600000e+00   4.9946756e-01
   1.8800000e+00   4.7776010e-01
   1.9000000e+00   4.5653889e-01
   1.9200000e+00   4.3588013e-01
   1.9400000e+00   4.1584414e-01
   1.9600000e+00   3.9647688e-01
   1.9800000e+00   3.7781143e-01
   2.0000000e+00   3.5986960e-01
   2.0200000e+00   3.4266340e-01
   2.0400000e+00   3.2619649e-01
   2.0600000e+00   3.1046551e-01
   2.0800000e+00   2.9546128e-01
   2.1000000e+00   2.8116988e-01
   2.1200000e+00   2.6757365e-01
   2.1400000e+00   2.5465203e-01
   2.1600000e+00   2.4238225e-01
   2.1800000e+00   2.3074002e-01
   2.2000000e+00   2.1970002e-01
   2.2200000e+00   2.0923635e-01
   2.2400000e+00   1.9932289e-01
   2.2600000e+00   1.8993364e-01
   2.2800000e+00   1.8104292e-01
   2.3000000e+00   1.7262556e-01
   2.3200000e+00   1.6465706e-01
   2.3400000e+00   1.5711372e-01
   2.3600000e+00   1.4997267e-01
   2.3800000e+00   1.4321199e-01
   2.4000000e+00   1.3681067e-01
   2.4200000e+00   1.3074869e-01
   2.4400000e+00   1.2500698e-01
   2.4600000e+00   1.1956744e-01
   2.4800000e+00   1.1441290e-01
   2.5000000e+00   1.0952713e-01
   2.5200000e+00   1.0489476e-01
   2.5400000e+00   1.0050130e-01
   2.5600000e+00   9.6333082e-02
   2.5800000e+00   9.2377210e-02
   2.6000000e+00   8.8621552e-02
   2.6200000e+00   8.5054684e-02
   2.6400000e+00   8.1665861e-02
   2.6600000e+00   7.8444976e-02
   2.6800000e+00   7.5382528e-02
   2.7000000e+00   7.2469589e-02
   2.7200000e+00   6.9697765e-02
   2.7400000e+00   6.7059172e-02
   2.7600000e+00   6.4546401e-02
   2.7800000e+00   6.2152489e-02
   2.8000000e+00   5.9870896e-02
   2.8200000e+00   5.7695473e-02
   2.8400000e+00   5.5620444e-02
   2.8600000e+00   5.3640379e-02
   2.8800000e+00   5.1750172e-02
   2.9000000e+00   4.9945023e-02
   2.9200000e+00   4.8220418e-02
   2.9400000e+00   4.6572109e-02
   2.9600000e+00   4.4996101e-02
   2.9800000e+00   4.3488633e-02
   3.0000000e+00   4.2046162e-02
   3.0200000e+00   4.0665356e-02
   3.0400000e+00   3.9343072e-02
   3.0600000e+00   3.8076350e-02
   3.0800000e+00   3.6862400e-02
   3.1000000e+00   3.5698591e-02
   3.1200000e+00   3.4582441e-02
   3.1400000e+00   3.3511608e-02
   3.1600000e+00   3.2483881e-02
   3.1800000e+00   3.1497174e-02
   3.2000000e+00   3.0549515e-02
   3.2200000e+00   2.9639042e-02
   3.2400000e+00   2.8763993e-02
   3.2600000e+00   2.7922704e-02
   3.2800000e+00   2.7113599e-02
   3.3000000e+00   2.6335188e-02
   3.3200000e+00   2.5586062e-02
   3.3400000e+00   2.4864883e-02
   3.3600000e+00   2.4170386e-02
   3.3800000e+00   2.3501372e-02
   3.4000000e+00   2.2856705e-02
   3.4200000e+00   2.2235306e-02
   3.4400000e+00   2.1636153e-02
   3.4600000e+00   2.1058276e-02
   3.4800000e+00   2.0500752e-02
   3.5000000e+00   1.9962707e-02
   3.5200000e+00   1.9443310e-02
   3.5400000e+00   1.8941772e-02
   3.5600000e+00   1.8457340e-02
   3.5800000e+00   1.7989301e-02
   3.6000000e+00   1.7536977e-02
   3.6200000e+00   1.7099720e-02
   3.6400000e+00   1.6676915e-02
   3.6600000e+00   1.6267976e-02
   3.6800000e+00   1.5872344e-02
   3.7000000e+00   1.5489490e-02
   3.7200000e+00   1.5118904e-02
   3.7400000e+00   1.4760103e-02
   3.7600000e+00   1.4412628e-02
   3.7800000e+00   1.4076037e-02
   3.8000000e+00   1.3749911e-02
   3.8200000e+00   1.3433849e-02
   3.8400000e+00   1.3127468e-02
   3.8600000e+00   1.2830402e-02
   3.8800000e+00   1.2542303e-02
   3.9000000e+00   1.2262836e-02
   3.9200000e+00   1.1991681e-02
   3.9400000e+00   1.1728534e-02
   3.9600000e+00   1.1473101e-02
   3.9800000e+00   1.1225104e-02
   4.0000000e+00   1.0984274e-02
   4.0200000e+00   1.0750356e-02
   4.0400000e+00   1.0523103e-02
   4.0600000e+00   1.0302281e-02
   4.0800000e+00   1.0087663e-02
   4.1000000e+00   9.8790350e-03
   4.1200000e+00   9.6761883e-03
   4.1400000e+00   9.4789248e-03
   4.1600000e+00   9.2870535e-03
   4.1800000e+00   9.1003917e-03
   4.2000000e+00   8.9187637e-03
   4.2200000e+00   8.7420009e-03
   4.2400000e+00   8.5699415e-03
   4.2600000e+00   8.4024298e-03
   4.2800000e+00   8.2393164e-03
   4.3000000e+00   8.0804578e-03
   4.3200000e+00   7.9257159e-03
   4.3400000e+00   7.7749580e-03
   4.3600000e+00   7.6280563e-03
   4.3800000e+00   7.4848881e-03
   4.4000000e+00   7.3453352e-03
   4.4200000e+00   7.2092838e-03
   4.4400000e+00   7.0766246e-03
   4.4600000e+00   6.9472521e-03
   4.4800000e+00   6.8210647e-03
   4.5000000e+00   6.6979648e-03
   4.5200000e+00   6.5778580e-03
   4.5400000e+00   6.4606535e-03
   4.5600000e+00   6.3462639e-03
   4.5800000e+00   6.2346047e-03
   4.6000000e+00   6.1255946e-03
   4.6200000e+00   6.0191551e-03
   4.6400000e+00   5.9152104e-03
   4.6600000e+00   5.8136875e-03
   4.6800000e+00   5.7145159e-03
   4.7000000e+00   5.6176276e-03
   4.7200000e+00   5.5229567e-03
   4.7400000e+00   5.4304398e-03
   4.7600000e+00   5.3400157e-03
   4.7800000e+00   5.2516251e-03
   4.8000000e+00   5.1652108e-03
   4.8200000e+00   5.0807174e-03
   4.8400000e+00   4.9980916e-03
   4.8600000e+00   4.9172816e-03
   4.8800000e+00   4.8382375e-03
   4.9000000e+00   4.7609110e-03
   4.9200000e+00   4.6852553e-03
   4.9400000e+00   4.6112251e-03
   4.9600000e+00   4.5387767e-03
   4.9800000e+00   4.4678677e-03
   5.0000000e+00   4.3984572e-03
