  -5.0000000e+00   9.4447570e-02
  -4.9780000e+00   1.0049138e-01
  -4.9560000e+00   1.0703720e-01
  -4.9340000e+00   1.1413159e-01
  -4.9120000e+00   1.2182514e-01
  -4.8900000e+00   1.3017259e-01
  -4.8680000e+00   1.3923294e-01
  -4.8460000e+00   1.4906932e-01
  -4.8240000e+00   1.5974881e-01
  -4.8020000e+00   1.7134198e-01
  -4.7800000e+00   1.8392214e-01
  -4.7580000e+00   1.9756426e-01
  -4.7360000e+00   2.1234334e-01
  -4.7140000e+00   2.2833229e-01
  -4.6920000e+00   2.4559895e-01
  -4.6700000e+00   2.6420250e-01
  -4.6480000e+00   2.8418874e-01
  -4.6260000e+00   3.0558453e-01
  -4.6040000e+00   3.2839118e-01
  -4.5820000e+00   3.5257709e-01
  -4.5600000e+00   3.7806967e-01
  -4.5380000e+00   4.0474737e-01
  -4.5160000e+00   4.3243212e-01
  -4.4940000e+00   4.6088356e-01
  -4.4720000e+00   4.8979576e-01
  -4.4500000e+00   5.1879813e-01
  -4.4280000e+00   5.4746129e-01
  -4.4060000e+00   5.7530903e-01
  -4.3840000e+00   6.0183657e-01
  -4.3620000e+00   6.2653447e-01
  -4.3400000e+00   6.4891688e-01
  -4.3180000e+00   6.6855145e-01
  -4.2960000e+00   6.8508794e-01
  -4.2740000e+00   6.9828182e-01
  -4.2520000e+00   7.0800992e-01
  -4.2300000e+00   7.1427547e-01
  -4.2080000e+00   7.1720177e-01
  -4.1860000e+00   7.1701488e-01
  -4.1640000e+00   7.1401731e-01
  -4.1420000e+00   7.0855617e-01
  -4.1200000e+00   7.0098953e-01
  -4.0980000e+00   6.9165520e-01
  -4.0760000e+00   6.8084539e-01
  -4.0540000e+00   6.6878987e-01
  -4.0320000e+00   6.5564884e-01
  -4.0100000e+00   6.4151556e-01
  -3.9880000e+00   6.2642752e-01
  -3.9660000e+00   6.1038378e-01
  -3.9440000e+00   5.9336570e-01
  -3.9220000e+00   5.7535807e-01
  -3.9000000e+00   5.5636766e-01
  -3.8780000e+00   5.3643708e-01
  -3.8560000e+00   5.1565253e-01
  -3.8340000e+00   4.9414510e-01
  -3.8120000e+00   4.7208604e-01
  -3.7900000e+00   4.4967755e-01
  -3.7680000e+00   4.2714055e-01
  -3.7460000e+00   4.0470155e-01
  -3.7240000e+00   3.8258017e-01
  -3.7020000e+00   3.6097864e-01
  -3.6800000e+00   3.4007399e-01
  -3.6580000e+00   3.2001326e-01
  -3.6360000e+00   3.0091156e-01
  -3.6140000e+00   2.8285244e-01
  -3.5920000e+00   2.6589010e-01
  -3.5700000e+00   2.5005283e-01
  -3.5480000e+00   2.3534698e-01
  -3.5260000e+00   2.2176112e-01
  -3.5040000e+00   2.0927015e-01
  -3.4820000e+00   1.9783885e-01
  -3.4600000e+00   1.8742511e-01
  -3.4380000e+00   1.7798250e-01
  -3.4160000e+00   1.6946233e-01
  -3.3940000e+00   1.6181522e-01
  -3.3720000e+00   1.5499214e-01
  -3.3500000e+00   1.4894512e-01
  -3.3280000e+00   1.4362756e-01
  -3.3060000e+00   1.3899424e-01
  -3.2840000e+00   1.3500106e-01
  -3.2620000e+00   1.3160468e-01
  -3.2400000e+00   1.2876186e-01
  -3.2180000e+00   1.2642888e-01
  -3.1960000e+00   1.2456082e-01
  -3.1740000e+00   1.2311102e-01
  -3.1520000e+00   1.2203068e-01
  -3.1300000e+00   1.2126870e-01
  -3.1080000e+00   1.2077198e-01
  -3.0860000e+00   1.2048608e-01
  -3.0640000e+00   1.2035640e-01
  -3.0420000e+00   1.2032975e-01
  -3.0200000e+00   1.2035633e-01
  -2.9980000e+00   1.2039173e-01
  -2.9760000e+00   1.2039895e-01
  -2.9540000e+00   1.2035003e-01
  -2.9320000e+00   1.2022711e-01
  -2.9100000e+00   1.2002272e-01
  -2.8880000e+00   1.1973927e-01
  -2.8660000e+00   1.1938770e-01
  -2.8440000e+00   1.1898547e-01
  -2.8220000e+00   1.1855421e-01
  -2.8000000e+00   1.1811714e-01
  -2.7780000e+00   1.1769677e-01
  -2.7560000e+00   1.1731302e-01
  -2.7340000e+00   1.1698197e-01
  -2.7120000e+00   1.1671538e-01
  -2.6900000e+00   1.1652096e-01
  -2.6680000e+00   1.1640329e-01
  -2.6460000e+00   1.1636518e-01
  -2.6240000e+00   1.1640940e-01
  -2.6020000e+00   1.1654036e-01
  -2.5800000e+00   1.1676557e-01
  -2.5580000e+00   1.1709687e-01
  -2.5360000e+00   1.1755102e-01
  -2.5140000e+00   1.1814991e-01
  -2.4920000e+00   1.1892025e-01
  -2.4700000e+00   1.1989294e-01
  -2.4480000e+00   1.2110217e-01
  -2.4260000e+00   1.2258452e-01
  -2.4040000e+00   1.2437807e-01
  -2.3820000e+00   1.2652171e-01
  -2.3600000e+00   1.2905465e-01
  -2.3380000e+00   1.3201622e-01
  -2.3160000e+00   1.3544586e-01
  -2.2940000e+00   1.3938330e-01
  -2.2720000e+00   1.4386892e-01
  -2.2500000e+00   1.4894407e-01
  -2.2280000e+00   1.5465154e-01
  -2.2060000e+00   1.6103585e-01
  -2.1840000e+00   1.6814351e-01
  -2.1620000e+00   1.7602306e-01
  -2.1400000e+00   1.8472498e-01
  -2.1180000e+00   1.9430122e-01
  -2.0960000e+00   2.0480447e-01
  -2.0740000e+00   2.1628700e-01
  -2.0520000e+00   2.2879901e-01
  -2.0300000e+00   2.4238649e-01
  -2.0080000e+00   2.5708837e-01
  -1.9860000e+00   2.7293314e-01
  -1.9640000e+00   2.8993474e-01
  -1.9420000e+00   3.0808798e-01
  -1.9200000e+00   3.2736342e-01
  -1.8980000e+00   3.4770234e-01
  -1.8760000e+00   3.6901184e-01
  -1.8540000e+00   3.9116107e-01
  -1.8320000e+00   4.1397891e-01
  -1.8100000e+00   4.3725424e-01
  -1.7880000e+00   4.6073928e-01
  -1.7660000e+00   4.8415669e-01
  -1.7440000e+00   5.0721058e-01
  -1.7220000e+00   5.2960103e-01
  -1.7000000e+00   5.5104132e-01
  -1.6780000e+00   5.7127610e-01
  -1.6560000e+00   5.9009860e-01
  -1.6340000e+00   6.0736455e-01
  -1.6120000e+00   6.2300080e-01
  -1.5900000e+00   6.3700699e-01
  -1.5680000e+00   6.4944978e-01
  -1.5460000e+00   6.6044981e-01
  -1.5240000e+00   6.7016308e-01
  -1.5020000e+00   6.7875893e-01
  -1.4800000e+00   6.8639747e-01
  -1.4580000e+00   6.9320961e-01
  -1.4360000e+00   6.9928218e-01
  -1.4140000e+00   7.0465031e-01
  -1.3920000e+00   7.0929801e-01
  -1.3700000e+00   7.1316697e-01
  -1.3480000e+00   7.1617234e-01
  -1.3260000e+00   7.1822364e-01
  -1.3040000e+00   7.1924775e-01
  -1.2820000e+00   7.1921126e-01
  -1.2600000e+00   7.1813912e-01
  -1.2380000e+00   7.1612739e-01
  -1.2160000e+00   7.1334855e-01
  -1.1940000e+00   7.1004917e-01
  -1.1720000e+00   7.0654046e-01
  -1.1500000e+00   7.0318329e-01
  -1.1280000e+00   7.0036970e-01
  -1.1060000e+00   6.9850297e-01
  -1.0840000e+00   6.9797827e-01
  -1.0620000e+00   6.9916522e-01
  -1.0400000e+00   7.0239327e-01
  -1.0180000e+00   7.0794004e-01
  -9.9600000e-01   7.1602248e-01
  -9.7400000e-01   7.2679043e-01
  -9.5200000e-01   7.4032192e-01
  -9.3000000e-01   7.5662004e-01
  -9.0800000e-01   7.7561112e-01
  -8.8600000e-01   7.9714468e-01
  -8.6400000e-01   8.2099548e-01
  -8.4200000e-01   8.4686869e-01
  -8.2000000e-01   8.7440883e-01
  -7.9800000e-01   9.0321320e-01
  -7.7600000e-01   9.3284983e-01
  -7.5400000e-01   9.6287946e-01
  -7.3200000e-01   9.9287988e-01
  -7.1000000e-01   1.0224706e+00
  -6.8800000e-01   1.0513345e+00
  -6.6600000e-01   1.0792339e+00
  -6.4400000e-01   1.1060176e+00
  -6.2200000e-01   1.1316176e+00
  -6.0000000e-01   1.1560345e+00
  -5.7800000e-01   1.1793125e+00
  -5.5600000e-01   1.2015079e+00
  -5.3400000e-01   1.2226533e+00
  -5.1200000e-01   1.2427239e+00
  -4.9000000e-01   1.2616101e+00
  -4.6800000e-01   1.2791009e+00
  -4.4600000e-01   1.2948821e+00
  -4.2400000e-01   1.3085495e+00
  -4.0200000e-01   1.3196382e+00
  -3.8000000e-01   1.3276644e+00
  -3.5800000e-01   1.3321745e+00
  -3.3600000e-01   1.3327979e+00
  -3.1400000e-01   1.3292948e+00
  -2.9200000e-01   1.3215936e+00
  -2.7000000e-01   1.3098143e+00
  -2.4800000e-01   1.2942734e+00
  -2.2600000e-01   1.2754720e+00
  -2.0400000e-01   1.2540673e+00
  -1.8200000e-01   1.2308333e+00
  -1.6000000e-01   1.2066139e+00
  -1.3800000e-01   1.1822754e+00
  -1.1600000e-01   1.1586611e+00
  -9.4000000e-02   1.1365530e+00
  -7.2000000e-02   1.1166411e+00
  -5.0000000e-02   1.0995012e+00
  -2.8000000e-02   1.0855813e+00
  -6.0000000e-03   1.0751931e+00
   1.6000000e-02   1.0685100e+00
   3.8000000e-02   1.0655679e+00
   6.0000000e-02   1.0662689e+00
   8.2000000e-02   1.0703880e+00
   1.0400000e-01   1.0775820e+00
   1.2600000e-01   1.0874029e+00
   1.4800000e-01   1.0993150e+00
   1.7000000e-01   1.1127178e+00
   1.9200000e-01   1.1269737e+00
   2.1400000e-01   1.1414412e+00
   2.3600000e-01   1.1555104e+00
   2.5800000e-01   1.1686384e+00
   2.8000000e-01   1.1803825e+00
   3.0200000e-01   1.1904252e+00
   3.2400000e-01   1.1985892e+00
   3.4600000e-01   1.2048403e+00
   3.6800000e-01   1.2092762e+00
   3.9000000e-01   1.2121033e+00
   4.1200000e-01   1.2136048e+00
   4.3400000e-01   1.2141022e+00
   4.5600000e-01   1.2139171e+00
   4.7800000e-01   1.2133370e+00
   5.0000000e-01   1.2125890e+00
   5.2200000e-01   1.2118246e+00
   5.4400000e-01   1.2111168e+00
   5.6600000e-01   1.2104685e+00
   5.8800000e-01   1.2098308e+00
   6.1000000e-01   1.2091272e+00
   6.3200000e-01   1.2082800e+00
   6.5400000e-01   1.2072353e+00
   6.7600000e-01   1.2059806e+00
   6.9800000e-01   1.2045550e+00
   7.2000000e-01   1.2030490e+00
   7.4200000e-01   1.2015937e+00
   7.6400000e-01   1.2003428e+00
   7.8600000e-01   1.1994489e+00
   8.0800000e-01   1.1990391e+00
   8.3000000e-01   1.1991927e+00
   8.5200000e-01   1.1999255e+00
   8.7400000e-01   1.2011827e+00
   8.9600000e-01   1.2028419e+00
   9.1800000e-01   1.2047266e+00
   9.4000000e-01   1.2066269e+00
   9.6200000e-01   1.2083267e+00
   9.8400000e-01   1.2096314e+00
   1.0060000e+00   1.2103942e+00
   1.0280000e+00   1.2105356e+00
   1.0500000e+00   1.2100529e+00
   1.0720000e+00   1.2090206e+00
   1.0940000e+00   1.2075787e+00
   1.1160000e+00   1.2059124e+00
   1.1380000e+00   1.2042266e+00
   1.1600000e+00   1.2027170e+00
   1.1820000e+00   1.2015440e+00
   1.2040000e+00   1.2008126e+00
   1.2260000e+00   1.2005601e+00
   1.2480000e+00   1.2007544e+00
   1.2700000e+00   1.2013025e+00
   1.2920000e+00   1.2020674e+00
   1.3140000e+00   1.2028918e+00
   1.3360000e+00   1.2036236e+00
   1.3580000e+00   1.2041404e+00
   1.3800000e+00   1.2043690e+00
   1.4020000e+00   1.2042959e+00
   1.4240000e+00   1.2039694e+00
   1.4460000e+00   1.2034904e+00
   1.4680000e+00   1.2029949e+00
   1.4900000e+00   1.2026309e+00
   1.5120000e+00   1.2025328e+00
   1.5340000e+00   1.2027965e+00
   1.5560000e+00   1.2034609e+00
   1.5780000e+00   1.2044970e+00
   1.6000000e+00   1.2058066e+00
   1.6220000e+00   1.2072318e+00
   1.6440000e+00   1.2085729e+00
   1.6660000e+00   1.2096131e+00
   1.6880000e+00   1.2101462e+00
   1.7100000e+00   1.2100032e+00
   1.7320000e+00   1.2090741e+00
   1.7540000e+00   1.2073214e+00
   1.7760000e+00   1.2047841e+00
   1.7980000e+00   1.2015700e+00
   1.8200000e+00   1.1978398e+00
   1.8420000e+00   1.1937834e+00
   1.8640000e+00   1.1895931e+00
   1.8860000e+00   1.1854373e+00
   1.9080000e+00   1.1814382e+00
   1.9300000e+00   1.1776577e+00
   1.9520000e+00   1.1740916e+00
   1.9740000e+00   1.1706744e+00
   1.9960000e+00   1.1672929e+00
   2.0180000e+00   1.1638069e+00
   2.0400000e+00   1.1600738e+00
   2.0620000e+00   1.1559738e+00
   2.0840000e+00   1.1514319e+00
   2.1060000e+00   1.1464335e+00
   2.1280000e+00   1.1410314e+00
   2.1500000e+00   1.1353441e+00
   2.1720000e+00   1.1295448e+00
   2.1940000e+00   1.1238429e+00
   2.2160000e+00   1.1184612e+00
   2.2380000e+00   1.1136109e+00
   2.2600000e+00   1.1094680e+00
   2.2820000e+00   1.1061534e+00
   2.3040000e+00   1.1037194e+00
   2.3260000e+00   1.1021427e+00
   2.3480000e+00   1.1013259e+00
   2.3700000e+00   1.1011067e+00
   2.3920000e+00   1.1012726e+00
   2.4140000e+00   1.1015817e+00
   2.4360000e+00   1.1017854e+00
   2.4580000e+00   1.1016520e+00
   2.4800000e+00   1.1009873e+00
   2.5020000e+00   1.0996518e+00
   2.5240000e+00   1.0975707e+00
   2.5460000e+00   1.0947377e+00
   2.5680000e+00   1.0912116e+00
   2.5900000e+00   1.0871067e+00
   2.6120000e+00   1.0825794e+00
   2.6340000e+00   1.0778120e+00
   2.6560000e+00   1.0729956e+00
   2.6780000e+00   1.0683158e+00
   2.7000000e+00   1.0639393e+00
   2.7220000e+00   1.0600058e+00
   2.7440000e+00   1.0566218e+00
   2.7660000e+00   1.0538589e+00
   2.7880000e+00   1.0517545e+00
   2.8100000e+00   1.0503144e+00
   2.8320000e+00   1.0495173e+00
   2.8540000e+00   1.0493199e+00
   2.8760000e+00   1.0496617e+00
   2.8980000e+00   1.0504703e+00
   2.9200000e+00   1.0516663e+00
   2.9420000e+00   1.0531668e+00
   2.9640000e+00   1.0548896e+00
   2.9860000e+00   1.0567555e+00
   3.0080000e+00   1.0586908e+00
   3.0300000e+00   1.0606287e+00
   3.0520000e+00   1.0625109e+00
   3.0740000e+00   1.0642876e+00
   3.0960000e+00   1.0659185e+00
   3.1180000e+00   1.0673724e+00
   3.1400000e+00   1.0686272e+00
   3.1620000e+00   1.0696693e+00
   3.1840000e+00   1.0704926e+00
   3.2060000e+00   1.0710984e+00
   3.2280000e+00   1.0714940e+00
   3.2500000e+00   1.0716922e+00
   3.2720000e+00   1.0717097e+00
   3.2940000e+00   1.0715670e+00
   3.3160000e+00   1.0712867e+00
   3.3380000e+00   1.0708931e+00
   3.3600000e+00   1.0704114e+00
   3.3820000e+00   1.0698663e+00
   3.4040000e+00   1.0692823e+00
   3.4260000e+00   1.0686822e+00
   3.4480000e+00   1.0680871e+00
   3.4700000e+00   1.0675157e+00
   3.4920000e+00   1.0669843e+00
   3.5140000e+00   1.0665060e+00
   3.5360000e+00   1.0660908e+00
   3.5580000e+00   1.0657455e+00
   3.5800000e+00   1.0654733e+00
   3.6020000e+00   1.0652742e+00
   3.6240000e+00   1.0651448e+00
   3.6460000e+00   1.0650785e+00
   3.6680000e+00   1.0650653e+00
   3.6900000e+00   1.0650928e+00
   3.7120000e+00   1.0651458e+00
   3.7340000e+00   1.0652066e+00
   3.7560000e+00   1.0652562e+00
   3.7780000e+00   1.0652737e+00
   3.8000000e+00   1.0652376e+00
   3.8220000e+00   1.0651257e+00
   3.8440000e+00   1.0649164e+00
   3.8660000e+00   1.0645886e+00
   3.8880000e+00   1.0641224e+00
   3.9100000e+00   1.0635000e+00
   3.9320000e+00   1.0627062e+00
   3.9540000e+00   1.0617283e+00
   3.9760000e+00   1.0605576e+00
   3.9980000e+00   1.0591886e+00
   4.0200000e+00   1.0576203e+00
   4.0420000e+00   1.0558557e+00
   4.0640000e+00   1.0539022e+00
   4.0860000e+00   1.0517717e+00
   4.1080000e+00   1.0494800e+00
   4.1300000e+00   1.0470467e+00
   4.1520000e+00   1.0444952e+00
   4.1740000e+00   1.0418516e+00
   4.1960000e+00   1.0391447e+00
   4.2180000e+00   1.0364050e+00
   4.2400000e+00   1.0336638e+00
   4.2620000e+00   1.0309533e+00
   4.2840000e+00   1.0283046e+00
   4.3060000e+00   1.0257483e+00
   4.3280000e+00   1.0233126e+00
   4.3500000e+00   1.0210233e+00
   4.3720000e+00   1.0189031e+00
   4.3940000e+00   1.0169708e+00
   4.4160000e+00   1.0152411e+00
   4.4380000e+00   1.0137245e+00
   4.4600000e+00   1.0124265e+00
   4.4820000e+00   1.0113482e+00
   4.5040000e+00   1.0104859e+00
   4.5260000e+00   1.0098316e+00
   4.5480000e+00   1.0093730e+00
   4.5700000e+00   1.0090942e+00
   4.5920000e+00   1.0089760e+00
   4.6140000e+00   1.0089967e+00
   4.6360000e+00   1.0091324e+00
   4.6580000e+00   1.0093581e+00
   4.6800000e+00   1.0096480e+00
   4.7020000e+00   1.0099765e+00
   4.7240000e+00   1.0103188e+00
   4.7460000e+00   1.0106514e+00
   4.7680000e+00   1.0109528e+00
   4.7900000e+00   1.0112042e+00
   4.8120000e+00   1.0113893e+00
   4.8340000e+00   1.0114954e+00
   4.8560000e+00   1.0115129e+00
   4.8780000e+00   1.0114359e+00
   4.9000000e+00   1.0112620e+00
   4.9220000e+00   1.0109920e+00
   4.9440000e+00   1.0106302e+00
   4.9660000e+00   1.0101835e+00
   4.9880000e+00   1.0096615e+00
   5.0100000e+00   1.0090758e+00
   5.0320000e+00   1.0084395e+00
   5.0540000e+00   1.0077669e+00
   5.0760000e+00   1.0070727e+00
   5.0980000e+00   1.0063717e+00
   5.1200000e+00   1.0056780e+00
   5.1420000e+00   1.0050046e+00
   5.1640000e+00   1.0043630e+00
   5.1860000e+00   1.0037626e+00
   5.2080000e+00   1.0032103e+00
   5.2300000e+00   1.0027100e+00
   5.2520000e+00   1.0022626e+00
   5.2740000e+00   1.0018653e+00
   5.2960000e+00   1.0015118e+00
   5.3180000e+00   1.0011917e+00
   5.3400000e+00   1.0008905e+00
   5.3620000e+00   1.0005899e+00
   5.3840000e+00   1.0002671e+00
   5.4060000e+00   9.9989547e-01
   5.4280000e+00   9.9944430e-01
   5.4500000e+00   9.9887908e-01
   5.4720000e+00   9.9816172e-01
   5.4940000e+00   9.9725091e-01
   5.5160000e+00   9.9610247e-01
   5.5380000e+00   9.9466986e-01
   5.5600000e+00   9.9290471e-01
   5.5820000e+00   9.9075741e-01
   5.6040000e+00   9.8817787e-01
   5.6260000e+00   9.8511619e-01
   5.6480000e+00   9.8152349e-01
   5.6700000e+00   9.7735270e-01
   5.6920000e+00   9.7255942e-01
   5.7140000e+00   9.6710271e-01
   5.7360000e+00   9.6094592e-01
   5.7580000e+00   9.5405742e-01
   5.7800000e+00   9.4641129e-01
   5.8020000e+00   9.3798789e-01
   5.8240000e+00   9.2877439e-01
   5.8460000e+00   9.1876510e-01
   5.8680000e+00   9.0796172e-01
   5.8900000e+00   8.9637344e-01
   5.9120000e+00   8.8401688e-01
   5.9340000e+00   8.7091591e-01
   5.9560000e+00   8.5710133e-01
   5.9780000e+00   8.4261042e-01
   6.0000000e+00   8.2748633e-01
