  -5.0000000e+00   1.0142220e-01
  -4.9780000e+00   1.0804913e-01
  -4.9560000e+00   1.1523216e-01
  -4.9340000e+00   1.2302253e-01
  -4.9120000e+00   1.3147564e-01
  -4.8900000e+00   1.4065112e-01
  -4.8680000e+00   1.5061275e-01
  -4.8460000e+00   1.6142817e-01
  -4.8240000e+00   1.7316843e-01
  -4.8020000e+00   1.8590719e-01
  -4.7800000e+00   1.9971953e-01
  -4.7580000e+00   2.1468031e-01
  -4.7360000e+00   2.3086182e-01
  -4.7140000e+00   2.4833087e-01
  -4.6920000e+00   2.6714487e-01
  -4.6700000e+00   2.8734709e-01
  -4.6480000e+00   3.0896090e-01
  -4.6260000e+00   3.3198304e-01
  -4.6040000e+00   3.5637607e-01
  -4.5820000e+00   3.8206039e-01
  -4.5600000e+00   4.0890615e-01
  -4.5380000e+00   4.3672600e-01
  -4.5160000e+00   4.6526955e-01
  -4.4940000e+00   4.9422073e-01
  -4.4720000e+00   5.2319932e-01
  -4.4500000e+00   5.5176776e-01
  -4.4280000e+00   5.7944408e-01
  -4.4060000e+00   6.0572109e-01
  -4.3840000e+00   6.3009108e-01
  -4.3620000e+00   6.5207449e-01
  -4.3400000e+00   6.7124990e-01
  -4.3180000e+00   6.8728201e-01
  -4.2960000e+00   6.9994428e-01
  -4.2740000e+00   7.0913302e-01
  -4.2520000e+00   7.1487071e-01
  -4.2300000e+00   7.1729795e-01
  -4.2080000e+00   7.1665448e-01
  -4.1860000e+00   7.1325191e-01
  -4.1640000e+00   7.0744119e-01
  -4.1420000e+00   6.9957921e-01
  -4.1200000e+00   6.8999820e-01
  -4.0980000e+00   6.7898157e-01
  -4.0760000e+00   6.6674857e-01
  -4.0540000e+00   6.5344862e-01
  -4.0320000e+00   6.3916548e-01
  -4.0100000e+00   6.2392942e-01
  -3.9880000e+00   6.0773538e-01
  -3.9660000e+00   5.9056390e-01
  -3.9440000e+00   5.7240204e-01
  -3.9220000e+00   5.5326136e-01
  -3.9000000e+00   5.3319085e-01
  -3.8780000e+00   5.1228374e-01
  -3.8560000e+00   4.9067775e-01
  -3.8340000e+00   4.6854962e-01
  -3.8120000e+00   4.4610529e-01
  -3.7900000e+00   4.2356739e-01
  -3.7680000e+00   4.0116215e-01
  -3.7460000e+00   3.7910713e-01
  -3.7240000e+00   3.5760110e-01
  -3.7020000e+00   3.3681669e-01
  -3.6800000e+00   3.1689607e-01
  -3.6580000e+00   2.9794937e-01
  -3.6360000e+00   2.8005545e-01
  -3.6140000e+00   2.6326427e-01
  -3.5920000e+00   2.4760043e-01
  -3.5700000e+00   2.3306726e-01
  -3.5480000e+00   2.1965099e-01
  -3.5260000e+00   2.0732469e-01
  -3.5040000e+00   1.9605192e-01
  -3.4820000e+00   1.8578972e-01
  -3.4600000e+00   1.7649119e-01
  -3.4380000e+00   1.6810746e-01
  -3.4160000e+00   1.6058913e-01
  -3.3940000e+00   1.5388730e-01
  -3.3720000e+00   1.4795421e-01
  -3.3500000e+00   1.4274346e-01
  -3.3280000e+00   1.3821003e-01
  -3.3060000e+00   1.3430998e-01
  -3.2840000e+00   1.3100001e-01
  -3.2620000e+00   1.2823686e-01
  -3.2400000e+00   1.2597665e-01
  -3.2180000e+00   1.2417425e-01
  -3.1960000e+00   1.2278266e-01
  -3.1740000e+00   1.2175275e-01
  -3.1520000e+00   1.2103306e-01
  -3.1300000e+00   1.2057024e-01
  -3.1080000e+00   1.2030972e-01
  -3.0860000e+00   1.2019702e-01
  -3.0640000e+00   1.2017934e-01
  -3.0420000e+00   1.2020757e-01
  -3.0200000e+00   1.2023832e-01
  -2.9980000e+00   1.2023589e-01
  -2.9760000e+00   1.2017383e-01
  -2.9540000e+00   1.2003588e-01
  -2.9320000e+00   1.1981617e-01
  -2.9100000e+00   1.1951851e-01
  -2.8880000e+00   1.1915501e-01
  -2.8660000e+00   1.1874392e-01
  -2.8440000e+00   1.1830728e-01
  -2.8220000e+00   1.1786835e-01
  -2.8000000e+00   1.1744934e-01
  -2.7780000e+00   1.1706965e-01
  -2.7560000e+00   1.1674468e-01
  -2.7340000e+00   1.1648556e-01
  -2.7120000e+00   1.1629941e-01
  -2.6900000e+00   1.1619044e-01
  -2.6680000e+00   1.1616136e-01
  -2.6460000e+00   1.1621506e-01
  -2.6240000e+00   1.1635634e-01
  -2.6020000e+00   1.1659333e-01
  -2.5800000e+00   1.1693858e-01
  -2.5580000e+00   1.1740964e-01
  -2.5360000e+00   1.1802919e-01
  -2.5140000e+00   1.1882463e-01
  -2.4920000e+00   1.1982741e-01
  -2.4700000e+00   1.2107218e-01
  -2.4480000e+00   1.2259577e-01
  -2.4260000e+00   1.2443645e-01
  -2.4040000e+00   1.2663316e-01
  -2.3820000e+00   1.2922515e-01
  -2.3600000e+00   1.3225176e-01
  -2.3380000e+00   1.3575245e-01
  -2.3160000e+00   1.3976703e-01
  -2.2940000e+00   1.4433600e-01
  -2.2720000e+00   1.4950091e-01
  -2.2500000e+00   1.5530479e-01
  -2.2280000e+00   1.6179245e-01
  -2.2060000e+00   1.6901072e-01
  -2.1840000e+00   1.7700846e-01
  -2.1620000e+00   1.8583640e-01
  -2.1400000e+00   1.9554667e-01
  -2.1180000e+00   2.0619198e-01
  -2.0960000e+00   2.1782439e-01
  -2.0740000e+00   2.3049363e-01
  -2.0520000e+00   2.4424477e-01
  -2.0300000e+00   2.5911539e-01
  -2.0080000e+00   2.7513200e-01
  -1.9860000e+00   2.9230591e-01
  -1.9640000e+00   3.1062852e-01
  -1.9420000e+00   3.3006620e-01
  -1.9200000e+00   3.5055523e-01
  -1.8980000e+00   3.7199711e-01
  -1.8760000e+00   3.9425483e-01
  -1.8540000e+00   4.1715103e-01
  -1.8320000e+00   4.4046862e-01
  -1.8100000e+00   4.6395470e-01
  -1.7880000e+00   4.8732826e-01
  -1.7660000e+00   5.1029176e-01
  -1.7440000e+00   5.3254619e-01
  -1.7220000e+00   5.5380848e-01
  -1.7000000e+00   5.7382975e-01
  -1.6780000e+00   5.9241212e-01
  -1.6560000e+00   6.0942193e-01
  -1.6340000e+00   6.2479739e-01
  -1.6120000e+00   6.3854911e-01
  -1.5900000e+00   6.5075312e-01
  -1.5680000e+00   6.6153693e-01
  -1.5460000e+00   6.7106013e-01
  -1.5240000e+00   6.7949214e-01
  -1.5020000e+00   6.8698981e-01
  -1.4800000e+00   6.9367813e-01
  -1.4580000e+00   6.9963633e-01
  -1.4360000e+00   7.0489148e-01
  -1.4140000e+00   7.0942039e-01
  -1.3920000e+00   7.1315957e-01
  -1.3700000e+00   7.1602199e-01
  -1.3480000e+00   7.1791848e-01
  -1.3260000e+00   7.1878083e-01
  -1.3040000e+00   7.1858376e-01
  -1.2820000e+00   7.1736277e-01
  -1.2600000e+00   7.1522580e-01
  -1.2380000e+00   7.1235741e-01
  -1.2160000e+00   7.0901525e-01
  -1.1940000e+00   7.0551962e-01
  -1.1720000e+00   7.0223788e-01
  -1.1500000e+00   6.9956553e-01
  -1.1280000e+00   6.9790631e-01
  -1.1060000e+00   6.9765303e-01
  -1.0840000e+00   6.9917059e-01
  -1.0620000e+00   7.0278174e-01
  -1.0400000e+00   7.0875596e-01
  -1.0180000e+00   7.1730097e-01
  -9.9600000e-01   7.2855661e-01
  -9.7400000e-01   7.4259042e-01
  -9.5200000e-01   7.5939466e-01
  -9.3000000e-01   7.7888479e-01
  -9.0800000e-01   8.0089961e-01
  -8.8600000e-01   8.2520378e-01
  -8.6400000e-01   8.5149345e-01
  -8.4200000e-01   8.7940582e-01
  -8.2000000e-01   9.0853325e-01
  -7.9800000e-01   9.3844177e-01
  -7.7600000e-01   9.6869340e-01
  -7.5400000e-01   9.9887068e-01
  -7.3200000e-01   1.0286008e+00
  -7.1000000e-01   1.0575763e+00
  -6.8800000e-01   1.0855701e+00
  -6.6600000e-01   1.1124400e+00
  -6.4400000e-01   1.1381239e+00
  -6.2200000e-01   1.1626229e+00
  -6.0000000e-01   1.1859748e+00
  -5.7800000e-01   1.2082212e+00
  -5.5600000e-01   1.2293716e+00
  -5.3400000e-01   1.2493700e+00
  -5.1200000e-01   1.2680691e+00
  -4.9000000e-01   1.2852157e+00
  -4.6800000e-01   1.3004520e+00
  -4.4600000e-01   1.3133322e+00
  -4.2400000e-01   1.3233545e+00
  -4.0200000e-01   1.3300058e+00
  -3.8000000e-01   1.3328135e+00
  -3.5800000e-01   1.3313983e+00
  -3.3600000e-01   1.3255227e+00
  -3.1400000e-01   1.3151273e+00
  -2.9200000e-01   1.3003519e+00
  -2.7000000e-01   1.2815382e+00
  -2.4800000e-01   1.2592146e+00
  -2.2600000e-01   1.2340664e+00
  -2.0400000e-01   1.2068939e+00
  -1.8200000e-01   1.1785655e+00
  -1.6000000e-01   1.1499698e+00
  -1.3800000e-01   1.1219725e+00
  -1.1600000e-01   1.0953796e+00
  -9.4000000e-02   1.0709100e+00
  -7.2000000e-02   1.0491768e+00
  -5.0000000e-02   1.0306764e+00
  -2.8000000e-02   1.0157842e+00
  -6.0000000e-03   1.0047541e+00
   1.6000000e-02   9.9772109e-01
   3.8000000e-02   9.9470467e-01
   6.0000000e-02   9.9561273e-01
   8.2000000e-02   1.0002457e+00
   1.0400000e-01   1.0083010e+00
   1.2600000e-01   1.0193801e+00
   1.4800000e-01   1.0329967e+00
   1.7000000e-01   1.0485911e+00
   1.9200000e-01   1.0655483e+00
   2.1400000e-01   1.0832227e+00
   2.3600000e-01   1.1009673e+00
   2.5800000e-01   1.1181674e+00
   2.8000000e-01   1.1342746e+00
   3.0200000e-01   1.1488385e+00
   3.2400000e-01   1.1615329e+00
   3.4600000e-01   1.1721714e+00
   3.6800000e-01   1.1807113e+00
   3.9000000e-01   1.1872446e+00
   4.1200000e-01   1.1919761e+00
   4.3400000e-01   1.1951919e+00
   4.5600000e-01   1.1972222e+00
   4.7800000e-01   1.1984023e+00
   5.0000000e-01   1.1990371e+00
   5.2200000e-01   1.1993742e+00
   5.4400000e-01   1.1995861e+00
   5.6600000e-01   1.1997658e+00
   5.8800000e-01   1.1999334e+00
   6.1000000e-01   1.2000533e+00
   6.3200000e-01   1.2000578e+00
   6.5400000e-01   1.1998733e+00
   6.7600000e-01   1.1994457e+00
   6.9800000e-01   1.1987600e+00
   7.2000000e-01   1.1978513e+00
   7.4200000e-01   1.1968063e+00
   7.6400000e-01   1.1957543e+00
   7.8600000e-01   1.1948499e+00
   8.0800000e-01   1.1942506e+00
   8.3000000e-01   1.1940913e+00
   8.5200000e-01   1.1944622e+00
   8.7400000e-01   1.1953919e+00
   8.9600000e-01   1.1968383e+00
   9.1800000e-01   1.1986906e+00
   9.4000000e-01   1.2007811e+00
   9.6200000e-01   1.2029048e+00
   9.8400000e-01   1.2048458e+00
   1.0060000e+00   1.2064058e+00
   1.0280000e+00   1.2074302e+00
   1.0500000e+00   1.2078290e+00
   1.0720000e+00   1.2075884e+00
   1.0940000e+00   1.2067722e+00
   1.1160000e+00   1.2055122e+00
   1.1380000e+00   1.2039889e+00
   1.1600000e+00   1.2024065e+00
   1.1820000e+00   1.2009646e+00
   1.2040000e+00   1.1998311e+00
   1.2260000e+00   1.1991211e+00
   1.2480000e+00   1.1988831e+00
   1.2700000e+00   1.1990959e+00
   1.2920000e+00   1.1996752e+00
   1.3140000e+00   1.2004899e+00
   1.3360000e+00   1.2013844e+00
   1.3580000e+00   1.2022045e+00
   1.3800000e+00   1.2028221e+00
   1.4020000e+00   1.2031555e+00
   1.4240000e+00   1.2031820e+00
   1.4460000e+00   1.2029408e+00
   1.4680000e+00   1.2025258e+00
   1.4900000e+00   1.2020692e+00
   1.5120000e+00   1.2017191e+00
   1.5340000e+00   1.2016137e+00
   1.5560000e+00   1.2018564e+00
   1.5780000e+00   1.2024961e+00
   1.6000000e+00   1.2035146e+00
   1.6220000e+00   1.2048243e+00
   1.6440000e+00   1.2062755e+00
   1.6660000e+00   1.2076737e+00
   1.6880000e+00   1.2088031e+00
   1.7100000e+00   1.2094539e+00
   1.7320000e+00   1.2094501e+00
   1.7540000e+00   1.2086714e+00
   1.7760000e+00   1.2070688e+00
   1.7980000e+00   1.2046695e+00
   1.8200000e+00   1.2015719e+00
   1.8420000e+00   1.1979297e+00
   1.8640000e+00   1.1939302e+00
   1.8860000e+00   1.1897672e+00
   1.9080000e+00   1.1856141e+00
   1.9300000e+00   1.1816020e+00
   1.9520000e+00   1.1778023e+00
   1.9740000e+00   1.1742213e+00
   1.9960000e+00   1.1708021e+00
   2.0180000e+00   1.1674379e+00
   2.0400000e+00   1.1639910e+00
   2.0620000e+00   1.1603175e+00
   2.0840000e+00   1.1562928e+00
   2.1060000e+00   1.1518335e+00
   2.1280000e+00   1.1469152e+00
   2.1500000e+00   1.1415801e+00
   2.1720000e+00   1.1359371e+00
   2.1940000e+00   1.1301521e+00
   2.2160000e+00   1.1244301e+00
   2.2380000e+00   1.1189937e+00
   2.2600000e+00   1.1140574e+00
   2.2820000e+00   1.1098041e+00
   2.3040000e+00   1.1063644e+00
   2.3260000e+00   1.1038016e+00
   2.3480000e+00   1.1021044e+00
   2.3700000e+00   1.1011866e+00
   2.3920000e+00   1.1008947e+00
   2.4140000e+00   1.1010231e+00
   2.4360000e+00   1.1013328e+00
   2.4580000e+00   1.1015748e+00
   2.4800000e+00   1.1015132e+00
   2.5020000e+00   1.1009470e+00
   2.5240000e+00   1.0997273e+00
   2.5460000e+00   1.0977689e+00
   2.5680000e+00   1.0950549e+00
   2.5900000e+00   1.0916345e+00
   2.6120000e+00   1.0876145e+00
   2.6340000e+00   1.0831457e+00
   2.6560000e+00   1.0784073e+00
   2.6780000e+00   1.0735903e+00
   2.7000000e+00   1.0688820e+00
   2.7220000e+00   1.0644528e+00
   2.7440000e+00   1.0604468e+00
   2.7660000e+00   1.0569761e+00
   2.7880000e+00   1.0541175e+00
   2.8100000e+00   1.0519136e+00
   2.8320000e+00   1.0503749e+00
   2.8540000e+00   1.0494841e+00
   2.8760000e+00   1.0492007e+00
   2.8980000e+00   1.0494667e+00
   2.9200000e+00   1.0502111e+00
   2.9420000e+00   1.0513554e+00
   2.9640000e+00   1.0528170e+00
   2.9860000e+00   1.0545134e+00
   3.0080000e+00   1.0563648e+00
   3.0300000e+00   1.0582964e+00
   3.0520000e+00   1.0602403e+00
   3.0740000e+00   1.0621369e+00
   3.0960000e+00   1.0639350e+00
   3.1180000e+00   1.0655929e+00
   3.1400000e+00   1.0670780e+00
   3.1620000e+00   1.0683668e+00
   3.1840000e+00   1.0694442e+00
   3.2060000e+00   1.0703034e+00
   3.2280000e+00   1.0709443e+00
   3.2500000e+00   1.0713736e+00
   3.2720000e+00   1.0716030e+00
   3.2940000e+00   1.0716489e+00
   3.3160000e+00   1.0715312e+00
   3.3380000e+00   1.0712722e+00
   3.3600000e+00   1.0708961e+00
   3.3820000e+00   1.0704279e+00
   3.4040000e+00   1.0698925e+00
   3.4260000e+00   1.0693144e+00
   3.4480000e+00   1.0687167e+00
   3.4700000e+00   1.0681209e+00
   3.4920000e+00   1.0675461e+00
   3.5140000e+00   1.0670088e+00
   3.5360000e+00   1.0665228e+00
   3.5580000e+00   1.0660986e+00
   3.5800000e+00   1.0657433e+00
   3.6020000e+00   1.0654609e+00
   3.6240000e+00   1.0652518e+00
   3.6460000e+00   1.0651131e+00
   3.6680000e+00   1.0650386e+00
   3.6900000e+00   1.0650190e+00
   3.7120000e+00   1.0650422e+00
   3.7340000e+00   1.0650932e+00
   3.7560000e+00   1.0651550e+00
   3.7780000e+00   1.0652086e+00
   3.8000000e+00   1.0652333e+00
   3.8220000e+00   1.0652078e+00
   3.8440000e+00   1.0651100e+00
   3.8660000e+00   1.0649180e+00
   3.8880000e+00   1.0646106e+00
   3.9100000e+00   1.0641678e+00
   3.9320000e+00   1.0635714e+00
   3.9540000e+00   1.0628057e+00
   3.9760000e+00   1.0618577e+00
   3.9980000e+00   1.0607179e+00
   4.0200000e+00   1.0593804e+00
   4.0420000e+00   1.0578435e+00
   4.0640000e+00   1.0561095e+00
   4.0860000e+00   1.0541852e+00
   4.1080000e+00   1.0520818e+00
   4.1300000e+00   1.0498144e+00
   4.1520000e+00   1.0474021e+00
   4.1740000e+00   1.0448678e+00
   4.1960000e+00   1.0422372e+00
   4.2180000e+00   1.0395387e+00
   4.2400000e+00   1.0368025e+00
   4.2620000e+00   1.0340601e+00
   4.2840000e+00   1.0313432e+00
   4.3060000e+00   1.0286835e+00
   4.3280000e+00   1.0261115e+00
   4.3500000e+00   1.0236559e+00
   4.3720000e+00   1.0213429e+00
   4.3940000e+00   1.0191956e+00
   4.4160000e+00   1.0172337e+00
   4.4380000e+00   1.0154723e+00
   4.4600000e+00   1.0139227e+00
   4.4820000e+00   1.0125912e+00
   4.5040000e+00   1.0114795e+00
   4.5260000e+00   1.0105846e+00
   4.5480000e+00   1.0098992e+00
   4.5700000e+00   1.0094117e+00
   4.5920000e+00   1.0091067e+00
   4.6140000e+00   1.0089654e+00
   4.6360000e+00   1.0089665e+00
   4.6580000e+00   1.0090864e+00
   4.6800000e+00   1.0093002e+00
   4.7020000e+00   1.0095822e+00
   4.7240000e+00   1.0099067e+00
   4.7460000e+00   1.0102487e+00
   4.7680000e+00   1.0105846e+00
   4.7900000e+00   1.0108925e+00
   4.8120000e+00   1.0111530e+00
   4.8340000e+00   1.0113496e+00
   4.8560000e+00   1.0114689e+00
   4.8780000e+00   1.0115009e+00
   4.9000000e+00   1.0114390e+00
   4.9220000e+00   1.0112803e+00
   4.9440000e+00   1.0110253e+00
   4.9660000e+00   1.0106775e+00
   4.9880000e+00   1.0102437e+00
   5.0100000e+00   1.0097328e+00
   5.0320000e+00   1.0091564e+00
   5.0540000e+00   1.0085272e+00
   5.0760000e+00   1.0078595e+00
   5.0980000e+00   1.0071679e+00
   5.1200000e+00   1.0064672e+00
   5.1420000e+00   1.0057717e+00
   5.1640000e+00   1.0050946e+00
   5.1860000e+00   1.0044477e+00
   5.2080000e+00   1.0038406e+00
   5.2300000e+00   1.0032807e+00
   5.2520000e+00   1.0027724e+00
   5.2740000e+00   1.0023171e+00
   5.2960000e+00   1.0019126e+00
   5.3180000e+00   1.0015531e+00
   5.3400000e+00   1.0012288e+00
   5.3620000e+00   1.0009260e+00
   5.3840000e+00   1.0006268e+00
   5.4060000e+00   1.0003093e+00
   5.4280000e+00   9.9994728e-01
   5.4500000e+00   9.9951073e-01
   5.4720000e+00   9.9896570e-01
   5.4940000e+00   9.9827463e-01
   5.5160000e+00   9.9739669e-01
   5.5380000e+00   9.9628812e-01
   5.5600000e+00   9.9490270e-01
   5.5820000e+00   9.9319230e-01
   5.6040000e+00   9.9110748e-01
   5.6260000e+00   9.8859815e-01
   5.6480000e+00   9.8561435e-01
   5.6700000e+00   9.8210698e-01
   5.6920000e+00   9.7802865e-01
   5.7140000e+00   9.7333447e-01
   5.7360000e+00   9.6798293e-01
   5.7580000e+00   9.6193666e-01
   5.7800000e+00   9.5516321e-01
   5.8020000e+00   9.4763573e-01
   5.8240000e+00   9.3933360e-01
   5.8460000e+00   9.3024288e-01
   5.8680000e+00   9.2035676e-01
   5.8900000e+00   9.0967581e-01
   5.9120000e+00   8.9820804e-01
   5.9340000e+00   8.8596894e-01
   5.9560000e+00   8.7298128e-01
   5.9780000e+00   8.5927481e-01
   6.0000000e+00   8.4488585e-01
