   0.0000000e+00   2.4623904e-03
   1.0000000e-02   2.5271230e-03
   2.0000000e-02   2.5943349e-03
   3.0000000e-02   2.6641494e-03
   4.0000000e-02   2.7366972e-03
   5.0000000e-02   2.8121171e-03
   6.0000000e-02   2.8905566e-03
   7.0000000e-02   2.9721720e-03
   8.0000000e-02   3.0571301e-03
   9.0000000e-02   3.1456079e-03
   1.0000000e-01   3.2377941e-03
   1.1000000e-01   3.3338896e-03
   1.2000000e-01   3.4341086e-03
   1.3000000e-01   3.5386796e-03
   1.4000000e-01   3.6478465e-03
   1.5000000e-01   3.7618699e-03
   1.6000000e-01   3.8810284e-03
   1.7000000e-01   4.0056200e-03
   1.8000000e-01   4.1359637e-03
   1.9000000e-01   4.2724014e-03
   2.0000000e-01   4.4152996e-03
   2.1000000e-01   4.5650517e-03
   2.2000000e-01   4.7220800e-03
   2.3000000e-01   4.8868388e-03
   2.4000000e-01   5.0598164e-03
   2.5000000e-01   5.2415389e-03
   2.6000000e-01   5.4325730e-03
   2.7000000e-01   5.6335301e-03
   2.8000000e-01   5.8450702e-03
   2.9000000e-01   6.0679067e-03
   3.0000000e-01   6.3028111e-03
   3.1000000e-01   6.5506187e-03
   3.2000000e-01   6.8122350e-03
   3.3000000e-01   7.0886421e-03
   3.4000000e-01   7.3809068e-03
   3.5000000e-01   7.6901891e-03
   3.6000000e-01   8.0177511e-03
   3.7000000e-01   8.3649684e-03
   3.8000000e-01   8.7333414e-03
   3.9000000e-01   9.1245086e-03
   4.0000000e-01   9.5402618e-03
   4.1000000e-01   9.9825623e-03
   4.2000000e-01   1.0453560e-02
   4.3000000e-01   1.0955614e-02
   4.4000000e-01   1.1491318e-02
   4.5000000e-01   1.2063523e-02
   4.6000000e-01   1.2675374e-02
   4.7000000e-01   1.3330338e-02
   4.8000000e-01   1.4032247e-02
   4.9000000e-01   1.4785339e-02
   5.0000000e-01   1.5594312e-02
   5.1000000e-01   1.6464377e-02
   5.2000000e-01   1.7401326e-02
   5.3000000e-01   1.8411604e-02
   5.4000000e-01   1.9502394e-02
   5.5000000e-01   2.0681718e-02
   5.6000000e-01   2.1958540e-02
   5.7000000e-01   2.3342900e-02
   5.8000000e-01   2.4846058e-02
   5.9000000e-01   2.6480660e-02
   6.0000000e-01   2.8260932e-02
   6.1000000e-01   3.0202900e-02
   6.2000000e-01   3.2324647e-02
   6.3000000e-01   3.4646599e-02
   6.4000000e-01   3.7191866e-02
   6.5000000e-01   3.9986623e-02
   6.6000000e-01   4.3060550e-02
   6.7000000e-01   4.6447331e-02
   6.8000000e-01   5.0185222e-02
   6.9000000e-01   5.4317697e-02
   7.0000000e-01   5.8894160e-02
   7.1000000e-01   6.3970743e-02
   7.2000000e-01   6.9611171e-02
   7.3000000e-01   7.5887691e-02
   7.4000000e-01   8.2882023e-02
   7.5000000e-01   9.0686308e-02
   7.6000000e-01   9.9403954e-02
   7.7000000e-01   1.0915028e-01
   7.8000000e-01   1.2005279e-01
   7.9000000e-01   1.3225081e-01
   8.0000000e-01   1.4589412e-01
   8.1000000e-01   1.6114023e-01
   8.2000000e-01   1.7814948e-01
   8.3000000e-01   1.9707744e-01
   8.4000000e-01   2.1806360e-01
   8.5000000e-01   2.4121546e-01
   8.6000000e-01   2.6658759e-01
   8.7000000e-01   2.9415517e-01
   8.8000000e-01   3.2378322e-01
   8.9000000e-01   3.5519389e-01
   9.0000000e-01   3.8793651e-01
   9.1000000e-01   4.2136709e-01
   9.2000000e-01   4.5464538e-01
   9.3000000e-01   4.8675680e-01
   9.4000000e-01   5.1656297e-01
   9.5000000e-01   5.4287877e-01
   9.6000000e-01   5.6456698e-01
   9.7000000e-01   5.8063736e-01
   9.8000000e-01   5.9033583e-01
   9.9000000e-01   5.9321282e-01
   1.0000000e+00   5.8916387e-01
   1.0100000e+00   5.7843961e-01
   1.0200000e+00   5.6162451e-01
   1.0300000e+00   5.3958583e-01
   1.0400000e+00   5.1339670e-01
   1.0500000e+00   4.8424204e-01
   1.0600000e+00   4.5331971e-01
   1.0700000e+00   4.2175112e-01
   1.0800000e+00   3.9051350e-01
   1.0900000e+00   3.6040015e-01
   1.1000000e+00   3.3200839e-01
   1.1100000e+00   3.0574972e-01
   1.1200000e+00   2.8187431e-01
   1.1300000e+00   2.6050181e-01
   1.1400000e+00   2.4165254e-01
   1.1500000e+00   2.2527488e-01
   1.1600000e+00   2.1126703e-01
   1.1700000e+00   1.9949253e-01
   1.1800000e+00   1.8978974e-01
   1.1900000e+00   1.8197650e-01
   1.2000000e+00   1.7585101e-01
   1.2100000e+00   1.7119070e-01
   1.2200000e+00   1.6775093e-01
   1.2300000e+00   1.6526540e-01
   1.2400000e+00   1.6345003e-01
   1.2500000e+00   1.6201119e-01
   1.2600000e+00   1.6065818e-01
   1.2700000e+00   1.5911858e-01
   1.2800000e+00   1.5715425e-01
   1.2900000e+00   1.5457571e-01
   1.3000000e+00   1.5125295e-01
   1.3100000e+00   1.4712154e-01
   1.3200000e+00   1.4218361e-01
   1.3300000e+00   1.3650348e-01
   1.3400000e+00   1.3019835e-01
   1.3500000e+00   1.2342456e-01
   1.3600000e+00   1.1636099e-01
   1.3700000e+00   1.0919174e-01
   1.3800000e+00   1.0209042e-01
   1.3900000e+00   9.5208288e-02
   1.4000000e+00   8.8667154e-02
   1.4100000e+00   8.2557141e-02
   1.4200000e+00   7.6938267e-02
   1.4300000e+00   7.1844523e-02
   1.4400000e+00   6.7289098e-02
   1.4500000e+00   6.3269687e-02
   1.4600000e+00   5.9773207e-02
   1.4700000e+00   5.6779569e-02
   1.4800000e+00   5.4264376e-02
   1.4900000e+00   5.2200592e-02
   1.5000000e+00   5.0559273e-02
   1.5100000e+00   4.9309504e-02
   1.5200000e+00   4.8417726e-02
   1.5300000e+00   4.7846684e-02
   1.5400000e+00   4.7554277e-02
   1.5500000e+00   4.7492687e-02
   1.5600000e+00   4.7608168e-02
   1.5700000e+00   4.7841864e-02
   1.5800000e+00   4.8131827e-02
   1.5900000e+00   4.8416165e-02
   1.6000000e+00   4.8636959e-02
   1.6100000e+00   4.8744369e-02
   1.6200000e+00   4.8700344e-02
   1.6300000e+00   4.8481436e-02
   1.6400000e+00   4.8080446e-02
   1.6500000e+00   4.7506752e-02
   1.6600000e+00   4.6785299e-02
   1.6700000e+00   4.5954283e-02
   1.6800000e+00   4.5061696e-02
   1.6900000e+00   4.4161070e-02
   1.7000000e+00   4.3306923e-02
   1.7100000e+00   4.2550492e-02
   1.7200000e+00   4.1936223e-02
   1.7300000e+00   4.1499268e-02
   1.7400000e+00   4.1263947e-02
   1.7500000e+00   4.1242954e-02
   1.7600000e+00   4.1437040e-02
   1.7700000e+00   4.1834972e-02
   1.7800000e+00   4.2413749e-02
   1.7900000e+00   4.3139240e-02
   1.8000000e+00   4.3967495e-02
   1.8100000e+00   4.4846985e-02
   1.8200000e+00   4.5721862e-02
   1.8300000e+00   4.6536049e-02
   1.8400000e+00   4.7237736e-02
   1.8500000e+00   4.7783716e-02
   1.8600000e+00   4.8143004e-02
   1.8700000e+00   4.8299383e-02
   1.8800000e+00   4.8252656e-02
   1.8900000e+00   4.8018554e-02
   1.9000000e+00   4.7627309e-02
   1.9100000e+00   4.7121001e-02
   1.9200000e+00   4.6549924e-02
   1.9300000e+00   4.5968426e-02
   1.9400000e+00   4.5430798e-02
   1.9500000e+00   4.4987813e-02
   1.9600000e+00   4.4684364e-02
   1.9700000e+00   4.4558339e-02
   1.9800000e+00   4.4640651e-02
   1.9900000e+00   4.4956116e-02
   2.0000000e+00   4.5524843e-02
   2.0100000e+00   4.6363833e-02
   2.0200000e+00   4.7488569e-02
   2.0300000e+00   4.8914470e-02
   2.0400000e+00   5.0658173e-02
   2.0500000e+00   5.2738633e-02
   2.0600000e+00   5.5178073e-02
   2.0700000e+00   5.8002844e-02
   2.0800000e+00   6.1244213e-02
   2.0900000e+00   6.4939134e-02
   2.1000000e+00   6.9131030e-02
   2.1100000e+00   7.3870606e-02
   2.1200000e+00   7.9216705e-02
   2.1300000e+00   8.5237198e-02
   2.1400000e+00   9.2009908e-02
   2.1500000e+00   9.9623501e-02
   2.1600000e+00   1.0817830e-01
   2.1700000e+00   1.1778686e-01
   2.1800000e+00   1.2857423e-01
   2.1900000e+00   1.4067751e-01
   2.2000000e+00   1.5424452e-01
   2.2100000e+00   1.6943093e-01
   2.2200000e+00   1.8639543e-01
   2.2300000e+00   2.0529203e-01
   2.2400000e+00   2.2625876e-01
   2.2500000e+00   2.4940174e-01
   2.2600000e+00   2.7477415e-01
   2.2700000e+00   3.0234984e-01
   2.2800000e+00   3.3199244e-01
   2.2900000e+00   3.6342270e-01
   2.3000000e+00   3.9618844e-01
   2.3100000e+00   4.2964405e-01
   2.3200000e+00   4.6294756e-01
   2.3300000e+00   4.9508245e-01
   2.3400000e+00   5.2490819e-01
   2.3500000e+00   5.5123722e-01
   2.3600000e+00   5.7292959e-01
   2.3700000e+00   5.8899191e-01
   2.3800000e+00   5.9866652e-01
   2.3900000e+00   6.0149970e-01
   2.4000000e+00   5.9738225e-01
   2.4100000e+00   5.8655931e-01
   2.4200000e+00   5.6960908e-01
   2.4300000e+00   5.4739156e-01
   2.4400000e+00   5.2097159e-01
   2.4500000e+00   4.9152461e-01
   2.4600000e+00   4.6023768e-01
   2.4700000e+00   4.2822008e-01
   2.4800000e+00   3.9643545e-01
   2.4900000e+00   3.6566210e-01
   2.5000000e+00   3.3648113e-01
   2.5100000e+00   3.0928690e-01
   2.5200000e+00   2.8431206e-01
   2.5300000e+00   2.6165943e-01
   2.5400000e+00   2.4133453e-01
   2.5500000e+00   2.2327514e-01
   2.5600000e+00   2.0737597e-01
   2.5700000e+00   1.9350796e-01
   2.5800000e+00   1.8153262e-01
   2.5900000e+00   1.7131215e-01
   2.6000000e+00   1.6271638e-01
   2.6100000e+00   1.5562705e-01
   2.6200000e+00   1.4994051e-01
   2.6300000e+00   1.4556916e-01
   2.6400000e+00   1.4244205e-01
   2.6500000e+00   1.4050515e-01
   2.6600000e+00   1.3972130e-01
   2.6700000e+00   1.4007010e-01
   2.6800000e+00   1.4154781e-01
   2.6900000e+00   1.4416733e-01
   2.7000000e+00   1.4795818e-01
   2.7100000e+00   1.5296664e-01
   2.7200000e+00   1.5925577e-01
   2.7300000e+00   1.6690534e-01
   2.7400000e+00   1.7601145e-01
   2.7500000e+00   1.8668563e-01
   2.7600000e+00   1.9905299e-01
   2.7700000e+00   2.1324915e-01
   2.7800000e+00   2.2941511e-01
   2.7900000e+00   2.4768963e-01
   2.8000000e+00   2.6819826e-01
   2.8100000e+00   2.9103822e-01
   2.8200000e+00   3.1625891e-01
   2.8300000e+00   3.4383804e-01
   2.8400000e+00   3.7365477e-01
   2.8500000e+00   4.0546264e-01
   2.8600000e+00   4.3886703e-01
   2.8700000e+00   4.7331351e-01
   2.8800000e+00   5.0809395e-01
   2.8900000e+00   5.4237556e-01
   2.9000000e+00   5.7525440e-01
   2.9100000e+00   6.0582877e-01
   2.9200000e+00   6.3328294e-01
   2.9300000e+00   6.5696882e-01
   2.9400000e+00   6.7647366e-01
   2.9500000e+00   6.9166538e-01
   2.9600000e+00   7.0271023e-01
   2.9700000e+00   7.1006078e-01
   2.9800000e+00   7.1441335e-01
   2.9900000e+00   7.1663651e-01
   3.0000000e+00   7.1767537e-01
   3.0100000e+00   7.1844134e-01
   3.0200000e+00   7.1970130e-01
   3.0300000e+00   7.2198223e-01
   3.0400000e+00   7.2550579e-01
   3.0500000e+00   7.3016305e-01
   3.0600000e+00   7.3553334e-01
   3.0700000e+00   7.4094427e-01
   3.0800000e+00   7.4556393e-01
   3.0900000e+00   7.4851126e-01
   3.1000000e+00   7.4896849e-01
   3.1100000e+00   7.4628125e-01
   3.1200000e+00   7.4003581e-01
   3.1300000e+00   7.3010786e-01
   3.1400000e+00   7.1668100e-01
   3.1500000e+00   7.0023505e-01
   3.1600000e+00   6.8150624e-01
   3.1700000e+00   6.6142352e-01
   3.1800000e+00   6.4102878e-01
   3.1900000e+00   6.2139212e-01
   3.2000000e+00   6.0353431e-01
   3.2100000e+00   5.8836620e-01
   3.2200000e+00   5.7664995e-01
   3.2300000e+00   5.6898063e-01
   3.2400000e+00   5.6578271e-01
   3.2500000e+00   5.6731387e-01
   3.2600000e+00   5.7366892e-01
   3.2700000e+00   5.8477918e-01
   3.2800000e+00   6.0040557e-01
   3.2900000e+00   6.2012721e-01
   3.3000000e+00   6.4333067e-01
   3.3100000e+00   6.6920772e-01
   3.3200000e+00   6.9677020e-01
   3.3300000e+00   7.2488905e-01
   3.3400000e+00   7.5235988e-01
   3.3500000e+00   7.7799065e-01
   3.3600000e+00   8.0070093e-01
   3.3700000e+00   8.1961876e-01
   3.3800000e+00   8.3416171e-01
   3.3900000e+00   8.4409258e-01
   3.4000000e+00   8.4954407e-01
   3.4100000e+00   8.5101018e-01
   3.4200000e+00   8.4930356e-01
   3.4300000e+00   8.4548029e-01
   3.4400000e+00   8.4073710e-01
   3.4500000e+00   8.3629042e-01
   3.4600000e+00   8.3325143e-01
   3.4700000e+00   8.3251207e-01
   3.4800000e+00   8.3465568e-01
   3.4900000e+00   8.3990114e-01
   3.5000000e+00   8.4808571e-01
   3.5100000e+00   8.5868746e-01
   3.5200000e+00   8.7088593e-01
   3.5300000e+00   8.8365557e-01
   3.5400000e+00   8.9588228e-01
   3.5500000e+00   9.0648917e-01
   3.5600000e+00   9.1455610e-01
   3.5700000e+00   9.1941909e-01
   3.5800000e+00   9.2074024e-01
   3.5900000e+00   9.1854294e-01
   3.6000000e+00   9.1321083e-01
   3.6100000e+00   9.0545030e-01
   3.6200000e+00   8.9621862e-01
   3.6300000e+00   8.8662270e-01
   3.6400000e+00   8.7779857e-01
   3.6500000e+00   8.7078543e-01
   3.6600000e+00   8.6641017e-01
   3.6700000e+00   8.6519634e-01
   3.6800000e+00   8.6730730e-01
   3.6900000e+00   8.7252905e-01
   3.7000000e+00   8.8029400e-01
   3.7100000e+00   8.8974370e-01
   3.7200000e+00   8.9982461e-01
   3.7300000e+00   9.0940612e-01
   3.7400000e+00   9.1740650e-01
   3.7500000e+00   9.2291075e-01
   3.7600000e+00   9.2526705e-01
   3.7700000e+00   9.2415240e-01
   3.7800000e+00   9.1960300e-01
   3.7900000e+00   9.1200757e-01
   3.8000000e+00   9.0206399e-01
   3.8100000e+00   8.9070123e-01
   3.8200000e+00   8.7897265e-01
   3.8300000e+00   8.6793106e-01
   3.8400000e+00   8.5850087e-01
   3.8500000e+00   8.5136362e-01
   3.8600000e+00   8.4687170e-01
   3.8700000e+00   8.4500064e-01
   3.8800000e+00   8.4534494e-01
   3.8900000e+00   8.4715820e-01
   3.9000000e+00   8.4943279e-01
   3.9100000e+00   8.5100983e-01
   3.9200000e+00   8.5070533e-01
   3.9300000e+00   8.4743635e-01
   3.9400000e+00   8.4033174e-01
   3.9500000e+00   8.2881665e-01
   3.9600000e+00   8.1266455e-01
   3.9700000e+00   7.9201497e-01
   3.9800000e+00   7.6735705e-01
   3.9900000e+00   7.3948125e-01
   4.0000000e+00   7.0940390e-01
   4.0100000e+00   6.7827366e-01
   4.0200000e+00   6.4727280e-01
   4.0300000e+00   6.1752750e-01
   4.0400000e+00   5.9003922e-01
   4.0500000e+00   5.6564297e-01
   4.0600000e+00   5.4499173e-01
   4.0700000e+00   5.2856071e-01
   4.0800000e+00   5.1666306e-01
   4.0900000e+00   5.0946808e-01
   4.1000000e+00   5.0701553e-01
   4.1100000e+00   5.0922146e-01
   4.1200000e+00   5.1587399e-01
   4.1300000e+00   5.2661994e-01
   4.1400000e+00   5.4094579e-01
   4.1500000e+00   5.5815906e-01
   4.1600000e+00   5.7737825e-01
   4.1700000e+00   5.9754027e-01
   4.1800000e+00   6.1743260e-01
   4.1900000e+00   6.3575295e-01
   4.2000000e+00   6.5119255e-01
   4.2100000e+00   6.6253300e-01
   4.2200000e+00   6.6874271e-01
   4.2300000e+00   6.6905981e-01
   4.2400000e+00   6.6305138e-01
   4.2500000e+00   6.5064397e-01
   4.2600000e+00   6.3212299e-01
   4.2700000e+00   6.0810128e-01
   4.2800000e+00   5.7945866e-01
   4.2900000e+00   5.4725787e-01
   4.3000000e+00   5.1264676e-01
   4.3100000e+00   4.7676005e-01
   4.3200000e+00   4.4063474e-01
   4.3300000e+00   4.0514983e-01
   4.3400000e+00   3.7099482e-01
   4.3500000e+00   3.3866476e-01
   4.3600000e+00   3.0847566e-01
   4.3700000e+00   2.8059185e-01
   4.3800000e+00   2.5505829e-01
   4.3900000e+00   2.3183209e-01
   4.4000000e+00   2.1081047e-01
   4.4100000e+00   1.9185336e-01
   4.4200000e+00   1.7480085e-01
   4.4300000e+00   1.5948574e-01
   4.4400000e+00   1.4574227e-01
   4.4500000e+00   1.3341169e-01
   4.4600000e+00   1.2234553e-01
   4.4700000e+00   1.1240738e-01
   4.4800000e+00   1.0347340e-01
   4.4900000e+00   9.5432222e-02
   4.5000000e+00   8.8184362e-02
   4.5100000e+00   8.1641369e-02
   4.5200000e+00   7.5724881e-02
   4.5300000e+00   7.0365636e-02
   4.5400000e+00   6.5502505e-02
   4.5500000e+00   6.1081582e-02
   4.5600000e+00   5.7055342e-02
   4.5700000e+00   5.3381881e-02
   4.5800000e+00   5.0024230e-02
   4.5900000e+00   4.6949751e-02
   4.6000000e+00   4.4129603e-02
   4.6100000e+00   4.1538266e-02
   4.6200000e+00   3.9153134e-02
   4.6300000e+00   3.6954152e-02
   4.6400000e+00   3.4923504e-02
   4.6500000e+00   3.3045338e-02
   4.6600000e+00   3.1305527e-02
   4.6700000e+00   2.9691461e-02
   4.6800000e+00   2.8191868e-02
   4.6900000e+00   2.6796654e-02
   4.7000000e+00   2.5496765e-02
   4.7100000e+00   2.4284069e-02
   4.7200000e+00   2.3151248e-02
   4.7300000e+00   2.2091706e-02
   4.7400000e+00   2.1099492e-02
   4.7500000e+00   2.0169223e-02
   4.7600000e+00   1.9296029e-02
   4.7700000e+00   1.8475491e-02
   4.7800000e+00   1.7703598e-02
   4.7900000e+00   1.6976702e-02
   4.8000000e+00   1.6291480e-02
   4.8100000e+00   1.5644903e-02
   4.8200000e+00   1.5034205e-02
   4.8300000e+00   1.4456855e-02
   4.8400000e+00   1.3910537e-02
   4.8500000e+00   1.3393128e-02
   4.8600000e+00   1.2902679e-02
   4.8700000e+00   1.2437398e-02
   4.8800000e+00   1.1995637e-02
   4.8900000e+00   1.1575877e-02
   4.9000000e+00   1.1176719e-02
   4.9100000e+00   1.0796869e-02
   4.9200000e+00   1.0435132e-02
   4.9300000e+00   1.0090402e-02
   4.9400000e+00   9.7616545e-03
   4.9500000e+00   9.4479406e-03
   4.9600000e+00   9.1483785e-03
   4.9700000e+00   8.8621492e-03
   4.9800000e+00   8.5884912e-03
   4.9900000e+00   8.3266956e-03
   5.0000000e+00   8.0761020e-03
