   0.0000000e+00   1.6754430e-03
   1.0000000e-02   1.7182072e-03
   2.0000000e-02   1.7625817e-03
   3.0000000e-02   1.8086458e-03
   4.0000000e-02   1.8564835e-03
   5.0000000e-02   1.9061842e-03
   6.0000000e-02   1.9578423e-03
   7.0000000e-02   2.0115585e-03
   8.0000000e-02   2.0674398e-03
   9.0000000e-02   2.1255997e-03
   1.0000000e-01   2.1861593e-03
   1.1000000e-01   2.2492474e-03
   1.2000000e-01   2.3150014e-03
   1.3000000e-01   2.3835678e-03
   1.4000000e-01   2.4551026e-03
   1.5000000e-01   2.5297730e-03
   1.6000000e-01   2.6077571e-03
   1.7000000e-01   2.6892457e-03
   1.8000000e-01   2.7744429e-03
   1.9000000e-01   2.8635673e-03
   2.0000000e-01   2.9568533e-03
   2.1000000e-01   3.0545522e-03
   2.2000000e-01   3.1569339e-03
   2.3000000e-01   3.2642885e-03
   2.4000000e-01   3.3769277e-03
   2.5000000e-01   3.4951874e-03
   2.6000000e-01   3.6194291e-03
   2.7000000e-01   3.7500427e-03
   2.8000000e-01   3.8874491e-03
   2.9000000e-01   4.0321030e-03
   3.0000000e-01   4.1844959e-03
   3.1000000e-01   4.3451600e-03
   3.2000000e-01   4.5146717e-03
   3.3000000e-01   4.6936564e-03
   3.4000000e-01   4.8827929e-03
   3.5000000e-01   5.0828191e-03
   3.6000000e-01   5.2945377e-03
   3.7000000e-01   5.5188232e-03
   3.8000000e-01   5.7566293e-03
   3.9000000e-01   6.0089970e-03
   4.0000000e-01   6.2770645e-03
   4.1000000e-01   6.5620771e-03
   4.2000000e-01   6.8653997e-03
   4.3000000e-01   7.1885296e-03
   4.4000000e-01   7.5331117e-03
   4.5000000e-01   7.9009553e-03
   4.6000000e-01   8.2940535e-03
   4.7000000e-01   8.7146047e-03
   4.8000000e-01   9.1650368e-03
   4.9000000e-01   9.6480356e-03
   5.0000000e-01   1.0166576e-02
   5.1000000e-01   1.0723958e-02
   5.2000000e-01   1.1323848e-02
   5.3000000e-01   1.1970325e-02
   5.4000000e-01   1.2667935e-02
   5.5000000e-01   1.3421751e-02
   5.6000000e-01   1.4237443e-02
   5.7000000e-01   1.5121358e-02
   5.8000000e-01   1.6080615e-02
   5.9000000e-01   1.7123206e-02
   6.0000000e-01   1.8258119e-02
   6.1000000e-01   1.9495479e-02
   6.2000000e-01   2.0846705e-02
   6.3000000e-01   2.2324697e-02
   6.4000000e-01   2.3944045e-02
   6.5000000e-01   2.5721272e-02
   6.6000000e-01   2.7675108e-02
   6.7000000e-01   2.9826809e-02
   6.8000000e-01   3.2200511e-02
   6.9000000e-01   3.4823637e-02
   7.0000000e-01   3.7727348e-02
   7.1000000e-01   4.0947043e-02
   7.2000000e-01   4.4522905e-02
   7.3000000e-01   4.8500485e-02
   7.4000000e-01   5.2931304e-02
   7.5000000e-01   5.7873445e-02
   7.6000000e-01   6.3392093e-02
   7.7000000e-01   6.9559937e-02
   7.8000000e-01   7.6457347e-02
   7.9000000e-01   8.4172139e-02
   8.0000000e-01   9.2798745e-02
   8.1000000e-01   1.0243647e-01
   8.2000000e-01   1.1318643e-01
   8.3000000e-01   1.2514679e-01
   8.4000000e-01   1.3840564e-01
   8.5000000e-01   1.5303102e-01
   8.6000000e-01   1.6905774e-01
   8.7000000e-01   1.8647077e-01
   8.8000000e-01   2.0518592e-01
   8.9000000e-01   2.2502926e-01
   9.0000000e-01   2.4571833e-01
   9.1000000e-01   2.6684924e-01
   9.2000000e-01   2.8789486e-01
   9.3000000e-01   3.0821861e-01
   9.4000000e-01   3.2710625e-01
   9.5000000e-01   3.4381433e-01
   9.6000000e-01   3.5762970e-01
   9.7000000e-01   3.6793182e-01
   9.8000000e-01   3.7424885e-01
   9.9000000e-01   3.7630066e-01
   1.0000000e+00   3.7402436e-01
   1.0100000e+00   3.6758064e-01
   1.0200000e+00   3.5734049e-01
   1.0300000e+00   3.4385309e-01
   1.0400000e+00   3.2779762e-01
   1.0500000e+00   3.0992410e-01
   1.0600000e+00   2.9099135e-01
   1.0700000e+00   2.7171086e-01
   1.0800000e+00   2.5270426e-01
   1.0900000e+00   2.3447834e-01
   1.1000000e+00   2.1741744e-01
   1.1100000e+00   2.0178979e-01
   1.1200000e+00   1.8776270e-01
   1.1300000e+00   1.7542163e-01
   1.1400000e+00   1.6478928e-01
   1.1500000e+00   1.5584212e-01
   1.1600000e+00   1.4852307e-01
   1.1700000e+00   1.4274985e-01
   1.1800000e+00   1.3841935e-01
   1.1900000e+00   1.3540853e-01
   1.2000000e+00   1.3357290e-01
   1.2100000e+00   1.3274394e-01
   1.2200000e+00   1.3272695e-01
   1.2300000e+00   1.3330113e-01
   1.2400000e+00   1.3422338e-01
   1.2500000e+00   1.3523678e-01
   1.2600000e+00   1.3608325e-01
   1.2700000e+00   1.3651926e-01
   1.2800000e+00   1.3633222e-01
   1.2900000e+00   1.3535518e-01
   1.3000000e+00   1.3347796e-01
   1.3100000e+00   1.3065362e-01
   1.3200000e+00   1.2689967e-01
   1.3300000e+00   1.2229403e-01
   1.3400000e+00   1.1696586e-01
   1.3500000e+00   1.1108210e-01
   1.3600000e+00   1.0483101e-01
   1.3700000e+00   9.8404998e-02
   1.3800000e+00   9.1985095e-02
   1.3900000e+00   8.5729160e-02
   1.4000000e+00   7.9764930e-02
   1.4100000e+00   7.4187846e-02
   1.4200000e+00   6.9062723e-02
   1.4300000e+00   6.4427898e-02
   1.4400000e+00   6.0300503e-02
   1.4500000e+00   5.6681821e-02
   1.4600000e+00   5.3562037e-02
   1.4700000e+00   5.0924014e-02
   1.4800000e+00   4.8746010e-02
   1.4900000e+00   4.7003319e-02
   1.5000000e+00   4.5668972e-02
   1.5100000e+00   4.4713626e-02
   1.5200000e+00   4.4104819e-02
   1.5300000e+00   4.3805846e-02
   1.5400000e+00   4.3774537e-02
   1.5500000e+00   4.3962342e-02
   1.5600000e+00   4.4314129e-02
   1.5700000e+00   4.4769072e-02
   1.5800000e+00   4.5262827e-02
   1.5900000e+00   4.5730907e-02
   1.6000000e+00   4.6112883e-02
   1.6100000e+00   4.6356779e-02
   1.6200000e+00   4.6423041e-02
   1.6300000e+00   4.6287560e-02
   1.6400000e+00   4.5943433e-02
   1.6500000e+00   4.5401330e-02
   1.6600000e+00   4.4688418e-02
   1.6700000e+00   4.3845906e-02
   1.6800000e+00   4.2925360e-02
   1.6900000e+00   4.1984172e-02
   1.7000000e+00   4.1080708e-02
   1.7100000e+00   4.0269756e-02
   1.7200000e+00   3.9598788e-02
   1.7300000e+00   3.9105288e-02
   1.7400000e+00   3.8815114e-02
   1.7500000e+00   3.8741654e-02
   1.7600000e+00   3.8885482e-02
   1.7700000e+00   3.9234313e-02
   1.7800000e+00   3.9763235e-02
   1.7900000e+00   4.0435382e-02
   1.8000000e+00   4.1203327e-02
   1.8100000e+00   4.2011472e-02
   1.8200000e+00   4.2799510e-02
   1.8300000e+00   4.3506788e-02
   1.8400000e+00   4.4077091e-02
   1.8500000e+00   4.4463251e-02
   1.8600000e+00   4.4631006e-02
   1.8700000e+00   4.4561690e-02
   1.8800000e+00   4.4253564e-02
   1.8900000e+00   4.3721689e-02
   1.9000000e+00   4.2996389e-02
   1.9100000e+00   4.2120395e-02
   1.9200000e+00   4.1144943e-02
   1.9300000e+00   4.0125300e-02
   1.9400000e+00   3.9116348e-02
   1.9500000e+00   3.8168848e-02
   1.9600000e+00   3.7326870e-02
   1.9700000e+00   3.6626545e-02
   1.9800000e+00   3.6096027e-02
   1.9900000e+00   3.5756359e-02
   2.0000000e+00   3.5622873e-02
   2.0100000e+00   3.5706798e-02
   2.0200000e+00   3.6016844e-02
   2.0300000e+00   3.6560634e-02
   2.0400000e+00   3.7345912e-02
   2.0500000e+00   3.8381559e-02
   2.0600000e+00   3.9678415e-02
   2.0700000e+00   4.1249970e-02
   2.0800000e+00   4.3112966e-02
   2.0900000e+00   4.5287931e-02
   2.1000000e+00   4.7799709e-02
   2.1100000e+00   5.0677972e-02
   2.1200000e+00   5.3957758e-02
   2.1300000e+00   5.7680018e-02
   2.1400000e+00   6.1892184e-02
   2.1500000e+00   6.6648706e-02
   2.1600000e+00   7.2011546e-02
   2.1700000e+00   7.8050538e-02
   2.1800000e+00   8.4843506e-02
   2.1900000e+00   9.2476003e-02
   2.2000000e+00   1.0104043e-01
   2.2100000e+00   1.1063426e-01
   2.2200000e+00   1.2135695e-01
   2.2300000e+00   1.3330513e-01
   2.2400000e+00   1.4656546e-01
   2.2500000e+00   1.6120465e-01
   2.2600000e+00   1.7725620e-01
   2.2700000e+00   1.9470382e-01
   2.2800000e+00   2.1346203e-01
   2.2900000e+00   2.3335561e-01
   2.3000000e+00   2.5410072e-01
   2.3100000e+00   2.7529203e-01
   2.3200000e+00   2.9640083e-01
   2.3300000e+00   3.1678880e-01
   2.3400000e+00   3.3573978e-01
   2.3500000e+00   3.5250809e-01
   2.3600000e+00   3.6637813e-01
   2.3700000e+00   3.7672651e-01
   2.3800000e+00   3.8307810e-01
   2.3900000e+00   3.8514902e-01
   2.4000000e+00   3.8287200e-01
   2.4100000e+00   3.7640273e-01
   2.4200000e+00   3.6610637e-01
   2.4300000e+00   3.5252540e-01
   2.4400000e+00   3.3633130e-01
   2.4500000e+00   3.1826528e-01
   2.4600000e+00   2.9907612e-01
   2.4700000e+00   2.7946398e-01
   2.4800000e+00   2.6003782e-01
   2.4900000e+00   2.4129048e-01
   2.5000000e+00   2.2359122e-01
   2.5100000e+00   2.0719239e-01
   2.5200000e+00   1.9224525e-01
   2.5300000e+00   1.7881999e-01
   2.5400000e+00   1.6692635e-01
   2.5500000e+00   1.5653222e-01
   2.5600000e+00   1.4757930e-01
   2.5700000e+00   1.3999532e-01
   2.5800000e+00   1.3370319e-01
   2.5900000e+00   1.2862755e-01
   2.6000000e+00   1.2469923e-01
   2.6100000e+00   1.2185827e-01
   2.6200000e+00   1.2005573e-01
   2.6300000e+00   1.1925492e-01
   2.6400000e+00   1.1943209e-01
   2.6500000e+00   1.2057687e-01
   2.6600000e+00   1.2269272e-01
   2.6700000e+00   1.2579717e-01
   2.6800000e+00   1.2992230e-01
   2.6900000e+00   1.3511517e-01
   2.7000000e+00   1.4143829e-01
   2.7100000e+00   1.4897026e-01
   2.7200000e+00   1.5780614e-01
   2.7300000e+00   1.6805777e-01
   2.7400000e+00   1.7985369e-01
   2.7500000e+00   1.9333830e-01
   2.7600000e+00   2.0867000e-01
   2.7700000e+00   2.2601779e-01
   2.7800000e+00   2.4555553e-01
   2.7900000e+00   2.6745317e-01
   2.8000000e+00   2.9186405e-01
   2.8100000e+00   3.1890749e-01
   2.8200000e+00   3.4864604e-01
   2.8300000e+00   3.8105780e-01
   2.8400000e+00   4.1600509e-01
   2.8500000e+00   4.5320296e-01
   2.8600000e+00   4.9219293e-01
   2.8700000e+00   5.3232946e-01
   2.8800000e+00   5.7278700e-01
   2.8900000e+00   6.1259407e-01
   2.9000000e+00   6.5069550e-01
   2.9100000e+00   6.8603816e-01
   2.9200000e+00   7.1766862e-01
   2.9300000e+00   7.4482838e-01
   2.9400000e+00   7.6703286e-01
   2.9500000e+00   7.8412419e-01
   2.9600000e+00   7.9629184e-01
   2.9700000e+00   8.0405845e-01
   2.9800000e+00   8.0823017e-01
   2.9900000e+00   8.0981311e-01
   3.0000000e+00   8.0990159e-01
   3.0100000e+00   8.0954935e-01
   3.0200000e+00   8.0964018e-01
   3.0300000e+00   8.1077638e-01
   3.0400000e+00   8.1320236e-01
   3.0500000e+00   8.1677482e-01
   3.0600000e+00   8.2098454e-01
   3.0700000e+00   8.2502605e-01
   3.0800000e+00   8.2790494e-01
   3.0900000e+00   8.2856613e-01
   3.1000000e+00   8.2602469e-01
   3.1100000e+00   8.1948212e-01
   3.1200000e+00   8.0841597e-01
   3.1300000e+00   7.9263618e-01
   3.1400000e+00   7.7230607e-01
   3.1500000e+00   7.4792815e-01
   3.1600000e+00   7.2029718e-01
   3.1700000e+00   6.9042551e-01
   3.1800000e+00   6.5944986e-01
   3.1900000e+00   6.2853272e-01
   3.2000000e+00   5.9877275e-01
   3.2100000e+00   5.7113588e-01
   3.2200000e+00   5.4641292e-01
   3.2300000e+00   5.2520286e-01
   3.2400000e+00   5.0791548e-01
   3.2500000e+00   4.9478506e-01
   3.2600000e+00   4.8588721e-01
   3.2700000e+00   4.8115299e-01
   3.2800000e+00   4.8037765e-01
   3.2900000e+00   4.8322432e-01
   3.3000000e+00   4.8922563e-01
   3.3100000e+00   4.9778844e-01
   3.3200000e+00   5.0820737e-01
   3.3300000e+00   5.1969217e-01
   3.3400000e+00   5.3141048e-01
   3.3500000e+00   5.4254382e-01
   3.3600000e+00   5.5235026e-01
   3.3700000e+00   5.6022521e-01
   3.3800000e+00   5.6575211e-01
   3.3900000e+00   5.6873697e-01
   3.4000000e+00   5.6922343e-01
   3.4100000e+00   5.6748683e-01
   3.4200000e+00   5.6400695e-01
   3.4300000e+00   5.5942024e-01
   3.4400000e+00   5.5445476e-01
   3.4500000e+00   5.4985386e-01
   3.4600000e+00   5.4629720e-01
   3.4700000e+00   5.4432885e-01
   3.4800000e+00   5.4430080e-01
   3.4900000e+00   5.4633768e-01
   3.5000000e+00   5.5032571e-01
   3.5100000e+00   5.5592662e-01
   3.5200000e+00   5.6261564e-01
   3.5300000e+00   5.6974009e-01
   3.5400000e+00   5.7659251e-01
   3.5500000e+00   5.8248959e-01
   3.5600000e+00   5.8684723e-01
   3.5700000e+00   5.8924295e-01
   3.5800000e+00   5.8945977e-01
   3.5900000e+00   5.8750828e-01
   3.6000000e+00   5.8362590e-01
   3.6100000e+00   5.7825332e-01
   3.6200000e+00   5.7198924e-01
   3.6300000e+00   5.6552671e-01
   3.6400000e+00   5.5957735e-01
   3.6500000e+00   5.5479214e-01
   3.6600000e+00   5.5168882e-01
   3.6700000e+00   5.5059463e-01
   3.6800000e+00   5.5161061e-01
   3.6900000e+00   5.5460070e-01
   3.7000000e+00   5.5920675e-01
   3.7100000e+00   5.6488789e-01
   3.7200000e+00   5.7098074e-01
   3.7300000e+00   5.7677358e-01
   3.7400000e+00   5.8158548e-01
   3.7500000e+00   5.8484040e-01
   3.7600000e+00   5.8612782e-01
   3.7700000e+00   5.8524395e-01
   3.7800000e+00   5.8221085e-01
   3.7900000e+00   5.7727223e-01
   3.8000000e+00   5.7086614e-01
   3.8100000e+00   5.6357599e-01
   3.8200000e+00   5.5606337e-01
   3.8300000e+00   5.4898958e-01
   3.8400000e+00   5.4293525e-01
   3.8500000e+00   5.3832837e-01
   3.8600000e+00   5.3539009e-01
   3.8700000e+00   5.3410466e-01
   3.8800000e+00   5.3421689e-01
   3.8900000e+00   5.3525730e-01
   3.9000000e+00   5.3659226e-01
   3.9100000e+00   5.3749306e-01
   3.9200000e+00   5.3721524e-01
   3.9300000e+00   5.3507788e-01
   3.9400000e+00   5.3053317e-01
   3.9500000e+00   5.2321959e-01
   3.9600000e+00   5.1299457e-01
   3.9700000e+00   4.9994563e-01
   3.9800000e+00   4.8438007e-01
   3.9900000e+00   4.6679461e-01
   4.0000000e+00   4.4782793e-01
   4.0100000e+00   4.2820192e-01
   4.0200000e+00   4.0865959e-01
   4.0300000e+00   3.8990871e-01
   4.0400000e+00   3.7257866e-01
   4.0500000e+00   3.5719420e-01
   4.0600000e+00   3.4416566e-01
   4.0700000e+00   3.3379168e-01
   4.0800000e+00   3.2626898e-01
   4.0900000e+00   3.2170392e-01
   4.1000000e+00   3.2012140e-01
   4.1100000e+00   3.2146858e-01
   4.1200000e+00   3.2561220e-01
   4.1300000e+00   3.3233022e-01
   4.1400000e+00   3.4129977e-01
   4.1500000e+00   3.5208553e-01
   4.1600000e+00   3.6413335e-01
   4.1700000e+00   3.7677496e-01
   4.1800000e+00   3.8924815e-01
   4.1900000e+00   4.0073429e-01
   4.2000000e+00   4.1041068e-01
   4.2100000e+00   4.1751142e-01
   4.2200000e+00   4.2138806e-01
   4.2300000e+00   4.2156164e-01
   4.2400000e+00   4.1776004e-01
   4.2500000e+00   4.0993702e-01
   4.2600000e+00   3.9827198e-01
   4.2700000e+00   3.8315009e-01
   4.2800000e+00   3.6512433e-01
   4.2900000e+00   3.4486271e-01
   4.3000000e+00   3.2308669e-01
   4.3100000e+00   3.0050951e-01
   4.3200000e+00   2.7778295e-01
   4.3300000e+00   2.5545953e-01
   4.3400000e+00   2.3397261e-01
   4.3500000e+00   2.1363335e-01
   4.3600000e+00   1.9464036e-01
   4.3700000e+00   1.7709691e-01
   4.3800000e+00   1.6103125e-01
   4.3900000e+00   1.4641640e-01
   4.4000000e+00   1.3318774e-01
   4.4100000e+00   1.2125721e-01
   4.4200000e+00   1.1052426e-01
   4.4300000e+00   1.0088381e-01
   4.4400000e+00   9.2231642e-02
   4.4500000e+00   8.4467941e-02
   4.4600000e+00   7.7499390e-02
   4.4700000e+00   7.1240220e-02
   4.4800000e+00   6.5612583e-02
   4.4900000e+00   6.0546466e-02
   4.5000000e+00   5.5979320e-02
   4.5100000e+00   5.1855538e-02
   4.5200000e+00   4.8125855e-02
   4.5300000e+00   4.4746725e-02
   4.5400000e+00   4.1679714e-02
   4.5500000e+00   3.8890929e-02
   4.5600000e+00   3.6350489e-02
   4.5700000e+00   3.4032045e-02
   4.5800000e+00   3.1912352e-02
   4.5900000e+00   2.9970888e-02
   4.6000000e+00   2.8189515e-02
   4.6100000e+00   2.6552186e-02
   4.6200000e+00   2.5044684e-02
   4.6300000e+00   2.3654397e-02
   4.6400000e+00   2.2370119e-02
   4.6500000e+00   2.1181880e-02
   4.6600000e+00   2.0080795e-02
   4.6700000e+00   1.9058931e-02
   4.6800000e+00   1.8109199e-02
   4.6900000e+00   1.7225246e-02
   4.7000000e+00   1.6401379e-02
   4.7100000e+00   1.5632479e-02
   4.7200000e+00   1.4913943e-02
   4.7300000e+00   1.4241620e-02
   4.7400000e+00   1.3611764e-02
   4.7500000e+00   1.3020988e-02
   4.7600000e+00   1.2466227e-02
   4.7700000e+00   1.1944698e-02
   4.7800000e+00   1.1453878e-02
   4.7900000e+00   1.0991468e-02
   4.8000000e+00   1.0555378e-02
   4.8100000e+00   1.0143699e-02
   4.8200000e+00   9.7546886e-03
   4.8300000e+00   9.3867542e-03
   4.8400000e+00   9.0384362e-03
   4.8500000e+00   8.7083970e-03
   4.8600000e+00   8.3954085e-03
   4.8700000e+00   8.0983417e-03
   4.8800000e+00   7.8161579e-03
   4.8900000e+00   7.5478999e-03
   4.9000000e+00   7.2926851e-03
   4.9100000e+00   7.0496981e-03
   4.9200000e+00   6.8181853e-03
   4.9300000e+00   6.5974494e-03
   4.9400000e+00   6.3868442e-03
   4.9500000e+00   6.1857705e-03
   4.9600000e+00   5.9936722e-03
   4.9700000e+00   5.8100324e-03
   4.9800000e+00   5.6343706e-03
   4.9900000e+00   5.4662391e-03
   5.0000000e+00   5.3052210e-03
