   0.0000000e+00   1.0000000e+00   0.0000000e+00
   8.0000000e-02   9.9840064e-01   3.9968009e-02
   1.6000000e-01   9.9361023e-01   7.9744273e-02
   2.4000000e-01   9.8565176e-01   1.1913807e-01
   3.2000000e-01   9.7456337e-01   1.5796072e-01
   4.0000000e-01   9.6039823e-01   1.9602658e-01
   4.8000000e-01   9.4322415e-01   2.3315404e-01
   5.6000000e-01   9.2312332e-01   2.6916649e-01
   6.4000000e-01   9.0019180e-01   3.0389325e-01
   7.2000000e-01   8.7453906e-01   3.3717048e-01
   8.0000000e-01   8.4628735e-01   3.6884205e-01
   8.8000000e-01   8.1557110e-01   3.9876034e-01
   9.6000000e-01   7.8253615e-01   4.2678706e-01
   1.0400000e+00   7.4733904e-01   4.5279393e-01
   1.1200000e+00   7.1014613e-01   4.7666336e-01
   1.2000000e+00   6.7113274e-01   4.9828906e-01
   1.2800000e+00   6.3048224e-01   5.1757660e-01
   1.3600000e+00   5.8838504e-01   5.3444387e-01
   1.4400000e+00   5.4503762e-01   5.4882149e-01
   1.5200000e+00   5.0064151e-01   5.6065316e-01
   1.6000000e+00   4.5540217e-01   5.6989594e-01
   1.6800000e+00   4.0952799e-01   5.7652038e-01
   1.7600000e+00   3.6322916e-01   5.8051074e-01
   1.8400000e+00   3.1671658e-01   5.8186494e-01
   1.9200000e+00   2.7020077e-01   5.8059458e-01
   2.0000000e+00   2.2389078e-01   5.7672481e-01
   2.0800000e+00   1.7799310e-01   5.7029416e-01
   2.1600000e+00   1.3271064e-01   5.6135430e-01
   2.2400000e+00   8.8241622e-02   5.4996964e-01
   2.3200000e+00   4.4778650e-02   5.3621704e-01
   2.4000000e+00   2.5076833e-03   5.2018527e-01
   2.4800000e+00  -3.8392877e-02   5.0197449e-01
   2.5600000e+00  -7.7753079e-02   4.8169569e-01
   2.6400000e+00  -1.1541226e-01   4.5947002e-01
   2.7200000e+00  -1.5121984e-01   4.3542810e-01
   2.8000000e+00  -1.8503603e-01   4.0970925e-01
   2.8800000e+00  -2.1673252e-01   3.8246069e-01
   2.9600000e+00  -2.4619306e-01   3.5383676e-01
   3.0400000e+00  -2.7331400e-01   3.2399794e-01
   3.1200000e+00  -2.9800475e-01   2.9311005e-01
   3.2000000e+00  -3.2018817e-01   2.6134325e-01
   3.2800000e+00  -3.3980086e-01   2.2887111e-01
   3.3600000e+00  -3.5679343e-01   1.9586965e-01
   3.4400000e+00  -3.7113062e-01   1.6251634e-01
   3.5200000e+00  -3.8279141e-01   1.2898915e-01
   3.6000000e+00  -3.9176898e-01   9.5465547e-02
   3.6800000e+00  -3.9807069e-01   6.2121526e-02
   3.7600000e+00  -4.0171785e-01   2.9130659e-02
   3.8400000e+00  -4.0274555e-01  -3.3368526e-03
   3.9200000e+00  -4.0120234e-01  -3.5115094e-02
   4.0000000e+00  -3.9714981e-01  -6.6043328e-02
   4.0800000e+00  -3.9066220e-01  -9.5966851e-02
   4.1600000e+00  -3.8182586e-01  -1.2473781e-01
   4.2400000e+00  -3.7073863e-01  -1.5221598e-01
   4.3200000e+00  -3.5750930e-01  -1.7826950e-01
   4.4000000e+00  -3.4225679e-01  -2.0277552e-01
   4.4800000e+00  -3.2510951e-01  -2.2562087e-01
   4.5600000e+00  -3.0620449e-01  -2.4670259e-01
   4.6400000e+00  -2.8568659e-01  -2.6592845e-01
   4.7200000e+00  -2.6370760e-01  -2.8321738e-01
   4.8000000e+00  -2.4042533e-01  -2.9849986e-01
   4.8800000e+00  -2.1600268e-01  -3.1171821e-01
   4.9600000e+00  -1.9060668e-01  -3.2282686e-01
   5.0400000e+00  -1.6440754e-01  -3.3179246e-01
   5.1200000e+00  -1.3757761e-01  -3.3859404e-01
   5.2000000e+00  -1.1029044e-01  -3.4322301e-01
   5.2800000e+00  -8.2719775e-02  -3.4568309e-01
   5.3600000e+00  -5.5038567e-02  -3.4599027e-01
   5.4400000e+00  -2.7418008e-02  -3.4417251e-01
   5.5200000e+00  -2.6578369e-05  -3.4026962e-01
   5.6000000e+00   2.6970885e-02  -3.3433284e-01
   5.6800000e+00   5.3414091e-02  -3.2642450e-01
   5.7600000e+00   7.9148166e-02  -3.1661758e-01
   5.8400000e+00   1.0402448e-01  -3.0499520e-01
   5.9200000e+00   1.2790145e-01  -2.9165007e-01
   6.0000000e+00   1.5064526e-01  -2.7668386e-01
   6.0800000e+00   1.7213057e-01  -2.6020657e-01
   6.1600000e+00   1.9224114e-01  -2.4233583e-01
   6.2400000e+00   2.1087045e-01  -2.2319612e-01
   6.3200000e+00   2.2792216e-01  -2.0291805e-01
   6.4000000e+00   2.4331060e-01  -1.8163751e-01
   6.4800000e+00   2.5696117e-01  -1.5949486e-01
   6.5600000e+00   2.6881063e-01  -1.3663409e-01
   6.6400000e+00   2.7880739e-01  -1.1320190e-01
   6.7200000e+00   2.8691166e-01  -8.9346901e-02
   6.8000000e+00   2.9309560e-01  -6.5218663e-02
   6.8800000e+00   2.9734335e-01  -4.0966870e-02
   6.9600000e+00   2.9965098e-01  -1.6740429e-02
   7.0400000e+00   3.0002642e-01   7.3133944e-03
   7.1200000e+00   2.9848930e-01   3.1049827e-02
   7.2000000e+00   2.9507069e-01   5.4327420e-02
   7.2800000e+00   2.8981282e-01   7.7008856e-02
   7.3600000e+00   2.8276871e-01   9.8961726e-02
   7.4400000e+00   2.7400176e-01   1.2005927e-01
   7.5200000e+00   2.6358525e-01   1.4018108e-01
   7.6000000e+00   2.5160183e-01   1.5921377e-01
   7.6800000e+00   2.3814292e-01   1.7705158e-01
   7.7600000e+00   2.2330805e-01   1.9359696e-01
   7.8400000e+00   2.0720425e-01   2.0876107e-01
   7.9200000e+00   1.8994525e-01   2.2246423e-01
   8.0000000e+00   1.7165081e-01   2.3463635e-01
   8.0800000e+00   1.5244588e-01   2.4521725e-01
   8.1600000e+00   1.3245982e-01   2.5415696e-01
   8.2400000e+00   1.1182559e-01   2.6141592e-01
   8.3200000e+00   9.0678877e-02   2.6696513e-01
   8.4000000e+00   6.9157262e-02   2.7078627e-01
   8.4800000e+00   4.7399369e-02   2.7287169e-01
   8.5600000e+00   2.5544006e-02   2.7322442e-01
   8.6400000e+00   3.7293153e-03   2.7185800e-01
   8.7200000e+00  -1.7908060e-02   2.6879639e-01
   8.8000000e+00  -3.9233803e-02   2.6407370e-01
   8.8800000e+00  -6.0116722e-02   2.5773392e-01
   8.9600000e+00  -8.0429527e-02   2.4983057e-01
   9.0400000e+00  -1.0004958e-01   2.4042630e-01
   9.1200000e+00  -1.1885961e-01   2.2959248e-01
   9.2000000e+00  -1.3674837e-01   2.1740865e-01
   9.2800000e+00  -1.5361131e-01   2.0396201e-01
   9.3600000e+00  -1.6935112e-01   1.8934679e-01
   9.4400000e+00  -1.8387831e-01   1.7366370e-01
   9.5200000e+00  -1.9711167e-01   1.5701919e-01
   9.6000000e+00  -2.0897872e-01   1.3952481e-01
   9.6800000e+00  -2.1941607e-01   1.2129647e-01
   9.7600000e+00  -2.2836977e-01   1.0245372e-01
   9.8400000e+00  -2.3579554e-01   8.3118947e-02
   9.9200000e+00  -2.4165900e-01   6.3416678e-02
   1.0000000e+01  -2.4593576e-01   4.3472746e-02
   1.0080000e+01  -2.4861156e-01   2.3413532e-02
   1.0160000e+01  -2.4968222e-01   3.3651863e-03
   1.0240000e+01  -2.4915362e-01  -1.6547147e-02
   1.0320000e+01  -2.4704160e-01  -3.6200086e-02
   1.0400000e+01  -2.4337175e-01  -5.5472762e-02
   1.0480000e+01  -2.3817924e-01  -7.4247538e-02
   1.0560000e+01  -2.3150846e-01  -9.2410714e-02
   1.0640000e+01  -2.2341274e-01  -1.0985320e-01
   1.0720000e+01  -2.1395394e-01  -1.2647115e-01
   1.0800000e+01  -2.0320197e-01  -1.4216657e-01
   1.0880000e+01  -1.9123434e-01  -1.5684789e-01
   1.0960000e+01  -1.7813561e-01  -1.7043047e-01
   1.1040000e+01  -1.6399683e-01  -1.8283709e-01
   1.1120000e+01  -1.4891489e-01  -1.9399837e-01
   1.1200000e+01  -1.3299194e-01  -2.0385315e-01
   1.1280000e+01  -1.1633464e-01  -2.1234880e-01
   1.1360000e+01  -9.9053547e-02  -2.1944154e-01
   1.1440000e+01  -8.1262342e-02  -2.2509658e-01
   1.1520000e+01  -6.3077125e-02  -2.2928832e-01
   1.1600000e+01  -4.4615674e-02  -2.3200047e-01
   1.1680000e+01  -2.5996699e-02  -2.3322605e-01
   1.1760000e+01  -7.3390935e-03  -2.3296739e-01
   1.1840000e+01   1.1238805e-02  -2.3123607e-01
   1.1920000e+01   2.9619951e-02  -2.2805277e-01
   1.2000000e+01   4.7689311e-02  -2.2344710e-01
   1.2080000e+01   6.5334571e-02  -2.1745737e-01
   1.2160000e+01   8.2446820e-02  -2.1013028e-01
   1.2240000e+01   9.8921206e-02  -2.0152057e-01
   1.2320000e+01   1.1465757e-01  -1.9169067e-01
   1.2400000e+01   1.2956103e-01  -1.8071025e-01
   1.2480000e+01   1.4354256e-01  -1.6865571e-01
   1.2560000e+01   1.5651950e-01  -1.5560973e-01
   1.2640000e+01   1.6841603e-01  -1.4166065e-01
   1.2720000e+01   1.7916361e-01  -1.2690194e-01
   1.2800000e+01   1.8870135e-01  -1.1143156e-01
   1.2880000e+01   1.9697639e-01  -9.5351345e-02
   1.2960000e+01   2.0394411e-01  -7.8766327e-02
   1.3040000e+01   2.0956841e-01  -6.1784075e-02
   1.3120000e+01   2.1382188e-01  -4.4514008e-02
   1.3200000e+01   2.1668592e-01  -2.7066703e-02
   1.3280000e+01   2.1815079e-01  -9.5531996e-03
   1.3360000e+01   2.1821562e-01   7.9156947e-03
   1.3440000e+01   2.1688840e-01   2.5230095e-02
   1.3520000e+01   2.1418582e-01   4.2281721e-02
   1.3600000e+01   2.1013316e-01   5.8964557e-02
   1.3680000e+01   2.0476408e-01   7.5175511e-02
   1.3760000e+01   1.9812032e-01   9.0815033e-02
   1.3840000e+01   1.9025146e-01   1.0578772e-01
   1.3920000e+01   1.8121449e-01   1.2000290e-01
   1.4000000e+01   1.7107348e-01   1.3337515e-01
   1.4080000e+01   1.5989907e-01   1.4582483e-01
   1.4160000e+01   1.4776807e-01   1.5727852e-01
   1.4240000e+01   1.3476286e-01   1.6766946e-01
   1.4320000e+01   1.2097089e-01   1.7693795e-01
   1.4400000e+01   1.0648412e-01   1.8503166e-01
   1.4480000e+01   9.1398353e-02   1.9190592e-01
   1.4560000e+01   7.5812677e-02   1.9752398e-01
   1.4640000e+01   5.9828787e-02   2.0185717e-01
   1.4720000e+01   4.3550345e-02   2.0488507e-01
   1.4800000e+01   2.7082315e-02   2.0659557e-01
   1.4880000e+01   1.0530293e-02   2.0698491e-01
   1.4960000e+01  -6.0001552e-03   2.0605768e-01
   1.5040000e+01  -2.2404162e-02   2.0382671e-01
   1.5120000e+01  -3.8578215e-02   2.0031298e-01
   1.5200000e+01  -5.4420797e-02   1.9554544e-01
   1.5280000e+01  -6.9833021e-02   1.8956077e-01
   1.5360000e+01  -8.4719236e-02   1.8240316e-01
   1.5440000e+01  -9.8987611e-02   1.7412393e-01
   1.5520000e+01  -1.1255070e-01   1.6478123e-01
   1.5600000e+01  -1.2532596e-01   1.5443959e-01
   1.5680000e+01  -1.3723627e-01   1.4316953e-01
   1.5760000e+01  -1.4821035e-01   1.3104708e-01
   1.5840000e+01  -1.5818323e-01   1.1815323e-01
   1.5920000e+01  -1.6709658e-01   1.0457347e-01
   1.6000000e+01  -1.7489907e-01   9.0397176e-02
   1.6080000e+01  -1.8154669e-01   7.5717044e-02
   1.6160000e+01  -1.8700291e-01   6.0628505e-02
   1.6240000e+01  -1.9123896e-01   4.5229100e-02
   1.6320000e+01  -1.9423391e-01   2.9617861e-02
   1.6400000e+01  -1.9597483e-01   1.3894681e-02
   1.6480000e+01  -1.9645675e-01  -1.8403203e-03
   1.6560000e+01  -1.9568272e-01  -1.7487422e-02
   1.6640000e+01  -1.9366374e-01  -3.2947931e-02
   1.6720000e+01  -1.9041862e-01  -4.8124797e-02
   1.6800000e+01  -1.8597387e-01  -6.2923218e-02
   1.6880000e+01  -1.8036345e-01  -7.7251219e-02
   1.6960000e+01  -1.7362858e-01  -9.1020227e-02
   1.7040000e+01  -1.6581738e-01  -1.0414561e-01
   1.7120000e+01  -1.5698459e-01  -1.1654718e-01
   1.7200000e+01  -1.4719115e-01  -1.2814971e-01
   1.7280000e+01  -1.3650381e-01  -1.3888333e-01
   1.7360000e+01  -1.2499470e-01  -1.4868402e-01
   1.7440000e+01  -1.1274080e-01  -1.5749390e-01
   1.7520000e+01  -9.9823469e-02  -1.6526165e-01
   1.7600000e+01  -8.6327915e-02  -1.7194274e-01
   1.7680000e+01  -7.2342613e-02  -1.7749972e-01
   1.7760000e+01  -5.7958749e-02  -1.8190240e-01
   1.7840000e+01  -4.3269625e-02  -1.8512802e-01
   1.7920000e+01  -2.8370065e-02  -1.8716139e-01
   1.8000000e+01  -1.3355806e-02  -1.8799489e-01
   1.8080000e+01   1.6771137e-03  -1.8762853e-01
   1.8160000e+01   1.6632958e-02  -1.8606991e-01
   1.8240000e+01   3.1416902e-02  -1.8333415e-01
   1.8320000e+01   4.5935624e-02  -1.7944372e-01
   1.8400000e+01   6.0097892e-02  -1.7442833e-01
   1.8480000e+01   7.3815130e-02  -1.6832466e-01
   1.8560000e+01   8.7001968e-02  -1.6117612e-01
   1.8640000e+01   9.9576769e-02  -1.5303255e-01
   1.8720000e+01   1.1146213e-01  -1.4394987e-01
   1.8800000e+01   1.2258534e-01  -1.3398972e-01
   1.8880000e+01   1.3287886e-01  -1.2321902e-01
   1.8960000e+01   1.4228068e-01  -1.1170956e-01
   1.9040000e+01   1.5073472e-01  -9.9537483e-02
   1.9120000e+01   1.5819114e-01  -8.6782829e-02
   1.9200000e+01   1.6460666e-01  -7.3528988e-02
   1.9280000e+01   1.6994477e-01  -5.9862173e-02
   1.9360000e+01   1.7417595e-01  -4.5870856e-02
   1.9440000e+01   1.7727785e-01  -3.1645203e-02
   1.9520000e+01   1.7923537e-01  -1.7276502e-02
   1.9600000e+01   1.8004073e-01  -2.8565724e-03
   1.9680000e+01   1.7969350e-01   1.1522807e-02
   1.9760000e+01   1.7820059e-01   2.5770484e-02
   1.9840000e+01   1.7557614e-01   3.9796506e-02
   1.9920000e+01   1.7184142e-01   5.3512679e-02
   2.0000000e+01   1.6702466e-01   6.6833124e-02
   2.0080000e+01   1.6116089e-01   7.9674809e-02
   2.0160000e+01   1.5429159e-01   9.1958059e-02
   2.0240000e+01   1.4646451e-01   1.0360705e-01
   2.0320000e+01   1.3773329e-01   1.1455028e-01
   2.0400000e+01   1.2815707e-01   1.2472099e-01
   2.0480000e+01   1.1780018e-01   1.3405757e-01
   2.0560000e+01   1.0673161e-01   1.4250395e-01
   2.0640000e+01   9.5024627e-02   1.5000992e-01
   2.0720000e+01   8.2756278e-02   1.5653139e-01
   2.0800000e+01   7.0006867e-02   1.6203072e-01
   2.0880000e+01   5.6859453e-02   1.6647688e-01
   2.0960000e+01   4.3399304e-02   1.6984562e-01
   2.1040000e+01   2.9713353e-02   1.7211963e-01
   2.1120000e+01   1.5889638e-02   1.7328860e-01
   2.1200000e+01   2.0167388e-03   1.7334926e-01
   2.1280000e+01  -1.1816784e-02   1.7230541e-01
   2.1360000e+01  -2.5522953e-02   1.7016780e-01
   2.1440000e+01  -3.9014930e-02   1.6695410e-01
   2.1520000e+01  -5.2207559e-02   1.6268873e-01
   2.1600000e+01  -6.5017904e-02   1.5740272e-01
   2.1680000e+01  -7.7365767e-02   1.5113341e-01
   2.1760000e+01  -8.9174184e-02   1.4392430e-01
   2.1840000e+01  -1.0036990e-01   1.3582464e-01
   2.1920000e+01  -1.1088383e-01   1.2688919e-01
   2.2000000e+01  -1.2065148e-01   1.1717779e-01
   2.2080000e+01  -1.2961331e-01   1.0675501e-01
   2.2160000e+01  -1.3771514e-01   9.5689691e-02
   2.2240000e+01  -1.4490846e-01   8.4054504e-02
   2.2320000e+01  -1.5115069e-01   7.1925484e-02
   2.2400000e+01  -1.5640547e-01   5.9381525e-02
   2.2480000e+01  -1.6064283e-01   4.6503880e-02
   2.2560000e+01  -1.6383940e-01   3.3375630e-02
   2.2640000e+01  -1.6597850e-01   2.0081158e-02
   2.2720000e+01  -1.6705023e-01   6.7056067e-03
   2.2800000e+01  -1.6705151e-01  -6.6656651e-03
   2.2880000e+01  -1.6598610e-01  -1.9947621e-02
   2.2960000e+01  -1.6386452e-01  -3.3056086e-02
   2.3040000e+01  -1.6070396e-01  -4.5908278e-02
   2.3120000e+01  -1.5652819e-01  -5.8423326e-02
   2.3200000e+01  -1.5136732e-01  -7.0522776e-02
   2.3280000e+01  -1.4525764e-01  -8.2131083e-02
   2.3360000e+01  -1.3824137e-01  -9.3176076e-02
   2.3440000e+01  -1.3036632e-01  -1.0358941e-01
   2.3520000e+01  -1.2168562e-01  -1.1330697e-01
   2.3600000e+01  -1.1225735e-01  -1.2226930e-01
   2.3680000e+01  -1.0214413e-01  -1.3042191e-01
   2.3760000e+01  -9.1412751e-02  -1.3771566e-01
   2.3840000e+01  -8.0133695e-02  -1.4410703e-01
   2.3920000e+01  -6.8380700e-02  -1.4955835e-01
   2.4000000e+01  -5.6230274e-02  -1.5403807e-01
   2.4080000e+01  -4.3761199e-02  -1.5752090e-01
   2.4160000e+01  -3.1054022e-02  -1.5998800e-01
   2.4240000e+01  -1.8190541e-02  -1.6142700e-01
   2.4320000e+01  -5.2532773e-03  -1.6183213e-01
   2.4400000e+01   7.6750468e-03  -1.6120421e-01
   2.4480000e+01   2.0512038e-02  -1.5955059e-01
   2.4560000e+01   3.3176154e-02  -1.5688516e-01
   2.4640000e+01   4.5587217e-02  -1.5322816e-01
   2.4720000e+01   5.7666919e-02  -1.4860607e-01
   2.4800000e+01   6.9339315e-02  -1.4305143e-01
   2.4880000e+01   8.0531297e-02  -1.3660260e-01
   2.4960000e+01   9.1173052e-02  -1.2930349e-01
   2.5040000e+01   1.0119849e-01  -1.2120328e-01
   2.5120000e+01   1.1054565e-01  -1.1235609e-01
   2.5200000e+01   1.1915711e-01  -1.0282062e-01
   2.5280000e+01   1.2698027e-01  -9.2659746e-02
   2.5360000e+01   1.3396776e-01  -8.1940131e-02
   2.5440000e+01   1.4007766e-01  -7.0731779e-02
   2.5520000e+01   1.4527376e-01  -5.9107584e-02
   2.5600000e+01   1.4952579e-01  -4.7142856e-02
   2.5680000e+01   1.5280959e-01  -3.4914835e-02
   2.5760000e+01   1.5510724e-01  -2.2502198e-02
   2.5840000e+01   1.5640714e-01  -9.9845520e-03
   2.5920000e+01   1.5670410e-01   2.5580722e-03
   2.6000000e+01   1.5599932e-01   1.5045731e-02
   2.6080000e+01   1.5430037e-01   2.7399073e-02
   2.6160000e+01   1.5162113e-01   3.9539844e-02
   2.6240000e+01   1.4798171e-01   5.1391379e-02
   2.6320000e+01   1.4340822e-01   6.2879082e-02
   2.6400000e+01   1.3793268e-01   7.3930900e-02
   2.6480000e+01   1.3159274e-01   8.4477765e-02
   2.6560000e+01   1.2443146e-01   9.4454028e-02
   2.6640000e+01   1.1649697e-01   1.0379787e-01
   2.6720000e+01   1.0784220e-01   1.1245166e-01
   2.6800000e+01   9.8524520e-02   1.2036236e-01
   2.6880000e+01   8.8605329e-02   1.2748179e-01
   2.6960000e+01   7.8149686e-02   1.3376695e-01
   2.7040000e+01   6.7225871e-02   1.3918028e-01
   2.7120000e+01   5.5904946e-02   1.4368987e-01
   2.7200000e+01   4.4260292e-02   1.4726964e-01
   2.7280000e+01   3.2367138e-02   1.4989954e-01
   2.7360000e+01   2.0302074e-02   1.5156558e-01
   2.7440000e+01   8.1425622e-03   1.5225996e-01
   2.7520000e+01  -4.0335596e-03   1.5198108e-01
   2.7600000e+01  -1.6148574e-02   1.5073354e-01
   2.7680000e+01  -2.8125376e-02   1.4852809e-01
   2.7760000e+01  -3.9887966e-02   1.4538154e-01
   2.7840000e+01  -5.1361927e-02   1.4131664e-01
   2.7920000e+01  -6.2474895e-02   1.3636192e-01
   2.8000000e+01  -7.3157011e-02   1.3055149e-01
   2.8080000e+01  -8.3341362e-02   1.2392481e-01
   2.8160000e+01  -9.2964396e-02   1.1652641e-01
   2.8240000e+01  -1.0196632e-01   1.0840563e-01
   2.8320000e+01  -1.1029146e-01   9.9616240e-02
   2.8400000e+01  -1.1788863e-01   9.0216133e-02
   2.8480000e+01  -1.2471140e-01   8.0266917e-02
   2.8560000e+01  -1.3071842e-01   6.9833528e-02
   2.8640000e+01  -1.3587366e-01   5.8983797e-02
   2.8720000e+01  -1.4014660e-01   4.7788021e-02
   2.8800000e+01  -1.4351244e-01   3.6318502e-02
   2.8880000e+01  -1.4595223e-01   2.4649086e-02
   2.8960000e+01  -1.4745296e-01   1.2854687e-02
   2.9040000e+01  -1.4800766e-01   1.0108100e-03
   2.9120000e+01  -1.4761539e-01  -1.0806933e-02
   2.9200000e+01  -1.4628125e-01  -2.2523304e-02
   2.9280000e+01  -1.4401635e-01  -3.4063911e-02
   2.9360000e+01  -1.4083766e-01  -4.5355688e-02
   2.9440000e+01  -1.3676798e-01  -5.6327348e-02
   2.9520000e+01  -1.3183567e-01  -6.6909834e-02
   2.9600000e+01  -1.2607455e-01  -7.7036755e-02
   2.9680000e+01  -1.1952363e-01  -8.6644797e-02
   2.9760000e+01  -1.1222682e-01  -9.5674118e-02
   2.9840000e+01  -1.0423270e-01  -1.0406872e-01
   2.9920000e+01  -9.5594138e-02  -1.1177680e-01
   3.0000000e+01  -8.6367984e-02  -1.1875106e-01
   3.0080000e+01  -7.6614674e-02  -1.2494900e-01
   3.0160000e+01  -6.6397849e-02  -1.3033317e-01
   3.0240000e+01  -5.5783930e-02  -1.3487141e-01
   3.0320000e+01  -4.4841698e-02  -1.3853703e-01
   3.0400000e+01  -3.3641843e-02  -1.4130895e-01
   3.0480000e+01  -2.2256512e-02  -1.4317185e-01
   3.0560000e+01  -1.0758845e-02  -1.4411624e-01
   3.0640000e+01   7.7749154e-04  -1.4413850e-01
   3.0720000e+01   1.2278780e-02  -1.4324089e-01
   3.0800000e+01   2.3671716e-02  -1.4143153e-01
   3.0880000e+01   3.4883876e-02  -1.3872430e-01
   3.0960000e+01   4.5844178e-02  -1.3513879e-01
   3.1040000e+01   5.6483327e-02  -1.3070012e-01
   3.1120000e+01   6.6734255e-02  -1.2543878e-01
   3.1200000e+01   7.6532540e-02  -1.1939043e-01
   3.1280000e+01   8.5816814e-02  -1.1259564e-01
   3.1360000e+01   9.4529139e-02  -1.0509962e-01
   3.1440000e+01   1.0261537e-01  -9.6951970e-02
   3.1520000e+01   1.1002550e-01  -8.8206274e-02
   3.1600000e+01   1.1671395e-01  -7.8919809e-02
   3.1680000e+01   1.2263987e-01  -6.9153150e-02
   3.1760000e+01   1.2776734e-01  -5.8969776e-02
   3.1840000e+01   1.3206567e-01  -4.8435663e-02
   3.1920000e+01   1.3550951e-01  -3.7618856e-02
   3.2000000e+01   1.3807901e-01  -2.6589028e-02
   3.2080000e+01   1.3975996e-01  -1.5417041e-02
   3.2160000e+01   1.4054385e-01  -4.1744803e-03
   3.2240000e+01   1.4042791e-01   7.0667915e-03
   3.2320000e+01   1.3941511e-01   1.8235100e-02
   3.2400000e+01   1.3751414e-01   2.9259411e-02
   3.2480000e+01   1.3473931e-01   4.0069784e-02
   3.2560000e+01   1.3111050e-01   5.0597810e-02
   3.2640000e+01   1.2665297e-01   6.0777049e-02
   3.2720000e+01   1.2139719e-01   7.0543444e-02
   3.2800000e+01   1.1537866e-01   7.9835723e-02
   3.2880000e+01   1.0863767e-01   8.8595786e-02
   3.2960000e+01   1.0121899e-01   9.6769061e-02
   3.3040000e+01   9.3171621e-02   1.0430485e-01
   3.3120000e+01   8.4548456e-02   1.1115663e-01
   3.3200000e+01   7.5405926e-02   1.1728237e-01
   3.3280000e+01   6.5803638e-02   1.2264474e-01
   3.3360000e+01   5.5803992e-02   1.2721137e-01
   3.3440000e+01   4.5471769e-02   1.3095505e-01
   3.3520000e+01   3.4873718e-02   1.3385387e-01
   3.3600000e+01   2.4078124e-02   1.3589135e-01
   3.3680000e+01   1.3154368e-02   1.3705655e-01
   3.3760000e+01   2.1724852e-03   1.3734410e-01
   3.3840000e+01  -8.7972849e-03   1.3675424e-01
   3.3920000e+01  -1.9684946e-02   1.3529281e-01
   3.4000000e+01  -3.0421191e-02   1.3297118e-01
   3.4080000e+01  -4.0937841e-02   1.2980618e-01
   3.4160000e+01  -5.1168276e-02   1.2581997e-01
   3.4240000e+01  -6.1047862e-02   1.2103990e-01
   3.4320000e+01  -7.0514348e-02   1.1549830e-01
   3.4400000e+01  -7.9508268e-02   1.0923229e-01
   3.4480000e+01  -8.7973304e-02   1.0228353e-01
   3.4560000e+01  -9.5856646e-02   9.4697911e-02
   3.4640000e+01  -1.0310931e-01   8.6525295e-02
   3.4720000e+01  -1.0968646e-01   7.7819164e-02
   3.4800000e+01  -1.1554766e-01   6.8636277e-02
   3.4880000e+01  -1.2065714e-01   5.9036305e-02
   3.4960000e+01  -1.2498401e-01   4.9081436e-02
   3.5040000e+01  -1.2850242e-01   3.8835984e-02
   3.5120000e+01  -1.3119177e-01   2.8365963e-02
   3.5200000e+01  -1.3303678e-01   1.7738673e-02
   3.5280000e+01  -1.3402759e-01   7.0222622e-03
   3.5360000e+01  -1.3415980e-01  -3.7147079e-03
   3.5440000e+01  -1.3343451e-01  -1.4403698e-02
   3.5520000e+01  -1.3185830e-01  -2.4976629e-02
   3.5600000e+01  -1.2944314e-01  -3.5366315e-02
   3.5680000e+01  -1.2620633e-01  -4.5506887e-02
   3.5760000e+01  -1.2217039e-01  -5.5334214e-02
   3.5840000e+01  -1.1736287e-01  -6.4786301e-02
   3.5920000e+01  -1.1181618e-01  -7.3803687e-02
   3.6000000e+01  -1.0556738e-01  -8.2329809e-02
   3.6080000e+01  -9.8657934e-02  -9.0311366e-02
   3.6160000e+01  -9.1133414e-02  -9.7698644e-02
   3.6240000e+01  -8.3043224e-02  -1.0444582e-01
   3.6320000e+01  -7.4440265e-02  -1.1051128e-01
   3.6400000e+01  -6.5380595e-02  -1.1585780e-01
   3.6480000e+01  -5.5923061e-02  -1.2045286e-01
   3.6560000e+01  -4.6128919e-02  -1.2426879e-01
   3.6640000e+01  -3.6061440e-02  -1.2728295e-01
   3.6720000e+01  -2.5785500e-02  -1.2947784e-01
   3.6800000e+01  -1.5367163e-02  -1.3084126e-01
   3.6880000e+01  -4.8732590e-03  -1.3136631e-01
   3.6960000e+01   5.6290444e-03  -1.3105145e-01
   3.7040000e+01   1.6072672e-02  -1.2990050e-01
   3.7120000e+01   2.6391069e-02  -1.2792262e-01
   3.7200000e+01   3.6518620e-02  -1.2513221e-01
   3.7280000e+01   4.6391071e-02  -1.2154880e-01
   3.7360000e+01   5.5945933e-02  -1.1719698e-01
   3.7440000e+01   6.5122876e-02  -1.1210613e-01
   3.7520000e+01   7.3864112e-02  -1.0631034e-01
   3.7600000e+01   8.2114754e-02  -9.9848067e-02
   3.7680000e+01   8.9823164e-02  -9.2761975e-02
   3.7760000e+01   9.6941272e-02  -8.5098597e-02
   3.7840000e+01   1.0342488e-01  -7.6908056e-02
   3.7920000e+01   1.0923392e-01  -6.8243725e-02
   3.8000000e+01   1.1433274e-01  -5.9161890e-02
   3.8080000e+01   1.1869026e-01  -4.9721380e-02
   3.8160000e+01   1.2228022e-01  -3.9983188e-02
   3.8240000e+01   1.2508130e-01  -3.0010077e-02
   3.8320000e+01   1.2707728e-01  -1.9866178e-02
   3.8400000e+01   1.2825707e-01  -9.6165768e-03
   3.8480000e+01   1.2861486e-01   6.7310035e-04
   3.8560000e+01   1.2815006e-01   1.0937109e-02
   3.8640000e+01   1.2686735e-01   2.1110005e-02
   3.8720000e+01   1.2477662e-01   3.1127058e-02
   3.8800000e+01   1.2189288e-01   4.0924667e-02
   3.8880000e+01   1.1823618e-01   5.0440761e-02
   3.8960000e+01   1.1383147e-01   5.9615190e-02
   3.9040000e+01   1.0870841e-01   6.8390108e-02
   3.9120000e+01   1.0290118e-01   7.6710334e-02
   3.9200000e+01   9.6448272e-02   8.4523699e-02
   3.9280000e+01   8.9392209e-02   9.1781374e-02
   3.9360000e+01   8.1779279e-02   9.8438172e-02
   3.9440000e+01   7.3659229e-02   1.0445283e-01
   3.9520000e+01   6.5084943e-02   1.0978826e-01
   3.9600000e+01   5.6112095e-02   1.1441180e-01
   3.9680000e+01   4.6798792e-02   1.1829536e-01
   3.9760000e+01   3.7205196e-02   1.2141565e-01
   3.9840000e+01   2.7393136e-02   1.2375430e-01
   3.9920000e+01   1.7425713e-02   1.2529794e-01
   4.0000000e+01   7.3668906e-03   1.2603832e-01
