   0.0000000e+00   1.0000000e+00   0.0000000e+00
   2.0000000e-02   9.9990000e-01   9.9995000e-03
   4.0000000e-02   9.9960004e-01   1.9996000e-02
   6.0000000e-02   9.9910020e-01   2.9986502e-02
   8.0000000e-02   9.9840064e-01   3.9968009e-02
   1.0000000e-01   9.9750156e-01   4.9937526e-02
   1.2000000e-01   9.9640324e-01   5.9892065e-02
   1.4000000e-01   9.9510600e-01   6.9828640e-02
   1.6000000e-01   9.9361023e-01   7.9744273e-02
   1.8000000e-01   9.9191639e-01   8.9635992e-02
   2.0000000e-01   9.9002497e-01   9.9500833e-02
   2.2000000e-01   9.8793655e-01   1.0933584e-01
   2.4000000e-01   9.8565176e-01   1.1913807e-01
   2.6000000e-01   9.8317127e-01   1.2890459e-01
   2.8000000e-01   9.8049583e-01   1.3863247e-01
   3.0000000e-01   9.7762625e-01   1.4831882e-01
   3.2000000e-01   9.7456337e-01   1.5796072e-01
   3.4000000e-01   9.7130813e-01   1.6755530e-01
   3.6000000e-01   9.6786150e-01   1.7709970e-01
   3.8000000e-01   9.6422450e-01   1.8659107e-01
   4.0000000e-01   9.6039823e-01   1.9602658e-01
   4.2000000e-01   9.5638383e-01   2.0540341e-01
   4.4000000e-01   9.5218250e-01   2.1471877e-01
   4.6000000e-01   9.4779550e-01   2.2396990e-01
   4.8000000e-01   9.4322415e-01   2.3315404e-01
   5.0000000e-01   9.3846981e-01   2.4226846e-01
   5.2000000e-01   9.3353390e-01   2.5131046e-01
   5.4000000e-01   9.2841789e-01   2.6027735e-01
   5.6000000e-01   9.2312332e-01   2.6916649e-01
   5.8000000e-01   9.1765177e-01   2.7797523e-01
   6.0000000e-01   9.1200486e-01   2.8670099e-01
   6.2000000e-01   9.0618430e-01   2.9534117e-01
   6.4000000e-01   9.0019180e-01   3.0389325e-01
   6.6000000e-01   8.9402917e-01   3.1235468e-01
   6.8000000e-01   8.8769824e-01   3.2072300e-01
   7.0000000e-01   8.8120089e-01   3.2899574e-01
   7.2000000e-01   8.7453906e-01   3.3717048e-01
   7.4000000e-01   8.6771474e-01   3.4524482e-01
   7.6000000e-01   8.6072995e-01   3.5321640e-01
   7.8000000e-01   8.5358678e-01   3.6108291e-01
   8.0000000e-01   8.4628735e-01   3.6884205e-01
   8.2000000e-01   8.3883383e-01   3.7649156e-01
   8.4000000e-01   8.3122844e-01   3.8402922e-01
   8.6000000e-01   8.2347342e-01   3.9145287e-01
   8.8000000e-01   8.1557110e-01   3.9876034e-01
   9.0000000e-01   8.0752380e-01   4.0594955e-01
   9.2000000e-01   7.9933392e-01   4.1301841e-01
   9.4000000e-01   7.9100388e-01   4.1996491e-01
   9.6000000e-01   7.8253615e-01   4.2678706e-01
   9.8000000e-01   7.7393324e-01   4.3348292e-01
   1.0000000e+00   7.6519769e-01   4.4005059e-01
   1.0200000e+00   7.5633208e-01   4.4648819e-01
   1.0400000e+00   7.4733904e-01   4.5279393e-01
   1.0600000e+00   7.3822121e-01   4.5896602e-01
   1.0800000e+00   7.2898130e-01   4.6500274e-01
   1.1000000e+00   7.1962202e-01   4.7090239e-01
   1.1200000e+00   7.1014613e-01   4.7666336e-01
   1.1400000e+00   7.0055642e-01   4.8228403e-01
   1.1600000e+00   6.9085571e-01   4.8776286e-01
   1.1800000e+00   6.8104686e-01   4.9309835e-01
   1.2000000e+00   6.7113274e-01   4.9828906e-01
   1.2200000e+00   6.6111627e-01   5.0333357e-01
   1.2400000e+00   6.5100039e-01   5.0823052e-01
   1.2600000e+00   6.4078804e-01   5.1297862e-01
   1.2800000e+00   6.3048224e-01   5.1757660e-01
   1.3000000e+00   6.2008599e-01   5.2202325e-01
   1.3200000e+00   6.0960233e-01   5.2631741e-01
   1.3400000e+00   5.9903432e-01   5.3045797e-01
   1.3600000e+00   5.8838504e-01   5.3444387e-01
   1.3800000e+00   5.7765760e-01   5.3827410e-01
   1.4000000e+00   5.6685512e-01   5.4194771e-01
   1.4200000e+00   5.5598074e-01   5.4546379e-01
   1.4400000e+00   5.4503762e-01   5.4882149e-01
   1.4600000e+00   5.3402894e-01   5.5202000e-01
   1.4800000e+00   5.2295789e-01   5.5505857e-01
   1.5000000e+00   5.1182767e-01   5.5793651e-01
   1.5200000e+00   5.0064151e-01   5.6065316e-01
   1.5400000e+00   4.8940262e-01   5.6320795e-01
   1.5600000e+00   4.7811427e-01   5.6560032e-01
   1.5800000e+00   4.6677970e-01   5.6782979e-01
   1.6000000e+00   4.5540217e-01   5.6989594e-01
   1.6200000e+00   4.4398495e-01   5.7179836e-01
   1.6400000e+00   4.3253133e-01   5.7353676e-01
   1.6600000e+00   4.2104458e-01   5.7511083e-01
   1.6800000e+00   4.0952799e-01   5.7652038e-01
   1.7000000e+00   3.9798486e-01   5.7776523e-01
   1.7200000e+00   3.8641848e-01   5.7884527e-01
   1.7400000e+00   3.7483215e-01   5.7976044e-01
   1.7600000e+00   3.6322916e-01   5.8051074e-01
   1.7800000e+00   3.5161282e-01   5.8109621e-01
   1.8000000e+00   3.3998641e-01   5.8151695e-01
   1.8200000e+00   3.2835324e-01   5.8177313e-01
   1.8400000e+00   3.1671658e-01   5.8186494e-01
   1.8600000e+00   3.0507973e-01   5.8179265e-01
   1.8800000e+00   2.9344597e-01   5.8155657e-01
   1.9000000e+00   2.8181856e-01   5.8115707e-01
   1.9200000e+00   2.7020077e-01   5.8059458e-01
   1.9400000e+00   2.5859586e-01   5.7986955e-01
   1.9600000e+00   2.4700707e-01   5.7898252e-01
   1.9800000e+00   2.3543764e-01   5.7793406e-01
   2.0000000e+00   2.2389078e-01   5.7672481e-01
   2.0200000e+00   2.1236971e-01   5.7535543e-01
   2.0400000e+00   2.0087762e-01   5.7382667e-01
   2.0600000e+00   1.8941770e-01   5.7213930e-01
   2.0800000e+00   1.7799310e-01   5.7029416e-01
   2.1000000e+00   1.6660698e-01   5.6829214e-01
   2.1200000e+00   1.5526246e-01   5.6613415e-01
   2.1400000e+00   1.4396265e-01   5.6382119e-01
   2.1600000e+00   1.3271064e-01   5.6135430e-01
   2.1800000e+00   1.2150949e-01   5.5873454e-01
   2.2000000e+00   1.1036227e-01   5.5596305e-01
   2.2200000e+00   9.9271976e-02   5.5304101e-01
   2.2400000e+00   8.8241622e-02   5.4996964e-01
   2.2600000e+00   7.7274178e-02   5.4675022e-01
   2.2800000e+00   6.6372592e-02   5.4338406e-01
   2.3000000e+00   5.5539784e-02   5.3987253e-01
   2.3200000e+00   4.4778650e-02   5.3621704e-01
   2.3400000e+00   3.4092053e-02   5.3241905e-01
   2.3600000e+00   2.3482828e-02   5.2848005e-01
   2.3800000e+00   1.2953780e-02   5.2440160e-01
   2.4000000e+00   2.5076833e-03   5.2018527e-01
   2.4200000e+00  -7.8527221e-03   5.1583270e-01
   2.4400000e+00  -1.8124728e-02   5.1134556e-01
   2.4600000e+00  -2.8305659e-02   5.0672557e-01
   2.4800000e+00  -3.8392877e-02   5.0197449e-01
   2.5000000e+00  -4.8383776e-02   4.9709410e-01
   2.5200000e+00  -5.8275791e-02   4.9208625e-01
   2.5400000e+00  -6.8066389e-02   4.8695281e-01
   2.5600000e+00  -7.7753079e-02   4.8169569e-01
   2.5800000e+00  -8.7333405e-02   4.7631685e-01
   2.6000000e+00  -9.6804954e-02   4.7081827e-01
   2.6200000e+00  -1.0616535e-01   4.6520197e-01
   2.6400000e+00  -1.1541226e-01   4.5947002e-01
   2.6600000e+00  -1.2454340e-01   4.5362452e-01
   2.6800000e+00  -1.3355650e-01   4.4766758e-01
   2.7000000e+00  -1.4244937e-01   4.4160138e-01
   2.7200000e+00  -1.5121984e-01   4.3542810e-01
   2.7400000e+00  -1.5986580e-01   4.2914998e-01
   2.7600000e+00  -1.6838516e-01   4.2276926e-01
   2.7800000e+00  -1.7677590e-01   4.1628825e-01
   2.8000000e+00  -1.8503603e-01   4.0970925e-01
   2.8200000e+00  -1.9316363e-01   4.0303460e-01
   2.8400000e+00  -2.0115680e-01   3.9626669e-01
   2.8600000e+00  -2.0901369e-01   3.8940792e-01
   2.8800000e+00  -2.1673252e-01   3.8246069e-01
   2.9000000e+00  -2.2431155e-01   3.7542748e-01
   2.9200000e+00  -2.3174907e-01   3.6831075e-01
   2.9400000e+00  -2.3904344e-01   3.6111300e-01
   2.9600000e+00  -2.4619306e-01   3.5383676e-01
   2.9800000e+00  -2.5319640e-01   3.4648455e-01
   3.0000000e+00  -2.6005195e-01   3.3905896e-01
   3.0200000e+00  -2.6675829e-01   3.3156255e-01
   3.0400000e+00  -2.7331400e-01   3.2399794e-01
   3.0600000e+00  -2.7971777e-01   3.1636774e-01
   3.0800000e+00  -2.8596829e-01   3.0867459e-01
   3.1000000e+00  -2.9206435e-01   3.0092113e-01
   3.1200000e+00  -2.9800475e-01   2.9311005e-01
   3.1400000e+00  -3.0378838e-01   2.8524402e-01
   3.1600000e+00  -3.0941417e-01   2.7732573e-01
   3.1800000e+00  -3.1488108e-01   2.6935790e-01
   3.2000000e+00  -3.2018817e-01   2.6134325e-01
   3.2200000e+00  -3.2533452e-01   2.5328450e-01
   3.2400000e+00  -3.3031927e-01   2.4518439e-01
   3.2600000e+00  -3.3514164e-01   2.3704568e-01
   3.2800000e+00  -3.3980086e-01   2.2887111e-01
   3.3000000e+00  -3.4429626e-01   2.2066345e-01
   3.3200000e+00  -3.4862720e-01   2.1242547e-01
   3.3400000e+00  -3.5279310e-01   2.0415995e-01
   3.3600000e+00  -3.5679343e-01   1.9586965e-01
   3.3800000e+00  -3.6062773e-01   1.8755736e-01
   3.4000000e+00  -3.6429560e-01   1.7922585e-01
   3.4200000e+00  -3.6779666e-01   1.7087792e-01
   3.4400000e+00  -3.7113062e-01   1.6251634e-01
   3.4600000e+00  -3.7429724e-01   1.5414390e-01
   3.4800000e+00  -3.7729632e-01   1.4576337e-01
   3.5000000e+00  -3.8012774e-01   1.3737753e-01
   3.5200000e+00  -3.8279141e-01   1.2898915e-01
   3.5400000e+00  -3.8528731e-01   1.2060101e-01
   3.5600000e+00  -3.8761547e-01   1.1221586e-01
   3.5800000e+00  -3.8977598e-01   1.0383645e-01
   3.6000000e+00  -3.9176898e-01   9.5465547e-02
   3.6200000e+00  -3.9359468e-01   8.7105877e-02
   3.6400000e+00  -3.9525331e-01   7.8760172e-02
   3.6600000e+00  -3.9674520e-01   7.0431153e-02
   3.6800000e+00  -3.9807069e-01   6.2121526e-02
   3.7000000e+00  -3.9923020e-01   5.3833988e-02
   3.7200000e+00  -4.0022421e-01   4.5571221e-02
   3.7400000e+00  -4.0105324e-01   3.7335893e-02
   3.7600000e+00  -4.0171785e-01   2.9130659e-02
   3.7800000e+00  -4.0221868e-01   2.0958155e-02
   3.8000000e+00  -4.0255641e-01   1.2821003e-02
   3.8200000e+00  -4.0273177e-01   4.7218055e-03
   3.8400000e+00  -4.0274555e-01  -3.3368526e-03
   3.8600000e+00  -4.0259859e-01  -1.1352406e-02
   3.8800000e+00  -4.0229176e-01  -1.9322310e-02
   3.9000000e+00  -4.0182601e-01  -2.7244040e-02
   3.9200000e+00  -4.0120234e-01  -3.5115094e-02
   3.9400000e+00  -4.0042177e-01  -4.2932993e-02
   3.9600000e+00  -3.9948539e-01  -5.0695282e-02
   3.9800000e+00  -3.9839434e-01  -5.8399529e-02
   4.0000000e+00  -3.9714981e-01  -6.6043328e-02
   4.0200000e+00  -3.9575303e-01  -7.3624299e-02
   4.0400000e+00  -3.9420527e-01  -8.1140089e-02
   4.0600000e+00  -3.9250787e-01  -8.8588372e-02
   4.0800000e+00  -3.9066220e-01  -9.5966851e-02
   4.1000000e+00  -3.8866968e-01  -1.0327326e-01
   4.1200000e+00  -3.8653177e-01  -1.1050535e-01
   4.1400000e+00  -3.8424998e-01  -1.1766093e-01
   4.1600000e+00  -3.8182586e-01  -1.2473781e-01
   4.1800000e+00  -3.7926100e-01  -1.3173385e-01
   4.2000000e+00  -3.7655705e-01  -1.3864694e-01
   4.2200000e+00  -3.7371569e-01  -1.4547500e-01
   4.2400000e+00  -3.7073863e-01  -1.5221598e-01
   4.2600000e+00  -3.6762765e-01  -1.5886788e-01
   4.2800000e+00  -3.6438453e-01  -1.6542872e-01
   4.3000000e+00  -3.6101112e-01  -1.7189656e-01
   4.3200000e+00  -3.5750930e-01  -1.7826950e-01
   4.3400000e+00  -3.5388098e-01  -1.8454567e-01
   4.3600000e+00  -3.5012813e-01  -1.9072325e-01
   4.3800000e+00  -3.4625272e-01  -1.9680045e-01
   4.4000000e+00  -3.4225679e-01  -2.0277552e-01
   4.4200000e+00  -3.3814239e-01  -2.0864675e-01
   4.4400000e+00  -3.3391162e-01  -2.1441246e-01
   4.4600000e+00  -3.2956661e-01  -2.2007103e-01
   4.4800000e+00  -3.2510951e-01  -2.2562087e-01
   4.5000000e+00  -3.2054251e-01  -2.3106043e-01
   4.5200000e+00  -3.1586784e-01  -2.3638821e-01
   4.5400000e+00  -3.1108774e-01  -2.4160273e-01
   4.5600000e+00  -3.0620449e-01  -2.4670259e-01
   4.5800000e+00  -3.0122041e-01  -2.5168640e-01
   4.6000000e+00  -2.9613782e-01  -2.5655284e-01
   4.6200000e+00  -2.9095908e-01  -2.6130060e-01
   4.6400000e+00  -2.8568659e-01  -2.6592845e-01
   4.6600000e+00  -2.8032275e-01  -2.7043518e-01
   4.6800000e+00  -2.7487000e-01  -2.7481965e-01
   4.7000000e+00  -2.6933079e-01  -2.7908074e-01
   4.7200000e+00  -2.6370760e-01  -2.8321738e-01
   4.7400000e+00  -2.5800293e-01  -2.8722856e-01
   4.7600000e+00  -2.5221930e-01  -2.9111331e-01
   4.7800000e+00  -2.4635925e-01  -2.9487070e-01
   4.8000000e+00  -2.4042533e-01  -2.9849986e-01
   4.8200000e+00  -2.3442011e-01  -3.0199995e-01
   4.8400000e+00  -2.2834620e-01  -3.0537019e-01
   4.8600000e+00  -2.2220618e-01  -3.0860984e-01
   4.8800000e+00  -2.1600268e-01  -3.1171821e-01
   4.9000000e+00  -2.0973833e-01  -3.1469467e-01
   4.9200000e+00  -2.0341577e-01  -3.1753862e-01
   4.9400000e+00  -1.9703767e-01  -3.2024951e-01
   4.9600000e+00  -1.9060668e-01  -3.2282686e-01
   4.9800000e+00  -1.8412549e-01  -3.2527020e-01
   5.0000000e+00  -1.7759677e-01  -3.2757914e-01
   5.0200000e+00  -1.7102322e-01  -3.2975333e-01
   5.0400000e+00  -1.6440754e-01  -3.3179246e-01
   5.0600000e+00  -1.5775243e-01  -3.3369628e-01
   5.0800000e+00  -1.5106059e-01  -3.3546458e-01
   5.1000000e+00  -1.4433475e-01  -3.3709720e-01
   5.1200000e+00  -1.3757761e-01  -3.3859404e-01
   5.1400000e+00  -1.3079189e-01  -3.3995503e-01
   5.1600000e+00  -1.2398031e-01  -3.4118015e-01
   5.1800000e+00  -1.1714559e-01  -3.4226945e-01
   5.2000000e+00  -1.1029044e-01  -3.4322301e-01
   5.2200000e+00  -1.0341757e-01  -3.4404094e-01
   5.2400000e+00  -9.6529705e-02  -3.4472345e-01
   5.2600000e+00  -8.9629538e-02  -3.4527074e-01
   5.2800000e+00  -8.2719775e-02  -3.4568309e-01
   5.3000000e+00  -7.5803112e-02  -3.4596083e-01
   5.3200000e+00  -6.8882237e-02  -3.4610432e-01
   5.3400000e+00  -6.1959831e-02  -3.4611398e-01
   5.3600000e+00  -5.5038567e-02  -3.4599027e-01
   5.3800000e+00  -4.8121106e-02  -3.4573368e-01
   5.4000000e+00  -4.1210101e-02  -3.4534479e-01
   5.4200000e+00  -3.4308192e-02  -3.4482419e-01
   5.4400000e+00  -2.7418008e-02  -3.4417251e-01
   5.4600000e+00  -2.0542161e-02  -3.4339046e-01
   5.4800000e+00  -1.3683253e-02  -3.4247877e-01
   5.5000000e+00  -6.8438694e-03  -3.4143822e-01
   5.5200000e+00  -2.6578369e-05  -3.4026962e-01
   5.5400000e+00   6.7660676e-03  -3.3897385e-01
   5.5600000e+00   1.3531534e-02  -3.3755182e-01
   5.5800000e+00   2.0267305e-02  -3.3600449e-01
   5.6000000e+00   2.6970885e-02  -3.3433284e-01
   5.6200000e+00   3.3639797e-02  -3.3253791e-01
   5.6400000e+00   4.0271587e-02  -3.3062079e-01
   5.6600000e+00   4.6863821e-02  -3.2858260e-01
   5.6800000e+00   5.3414091e-02  -3.2642450e-01
   5.7000000e+00   5.9920010e-02  -3.2414768e-01
   5.7200000e+00   6.6379215e-02  -3.2175340e-01
   5.7400000e+00   7.2789371e-02  -3.1924292e-01
   5.7600000e+00   7.9148166e-02  -3.1661758e-01
   5.7800000e+00   8.5453317e-02  -3.1387872e-01
   5.8000000e+00   9.1702568e-02  -3.1102774e-01
   5.8200000e+00   9.7893689e-02  -3.0806608e-01
   5.8400000e+00   1.0402448e-01  -3.0499520e-01
   5.8600000e+00   1.1009278e-01  -3.0181660e-01
   5.8800000e+00   1.1609644e-01  -2.9853183e-01
   5.9000000e+00   1.2203335e-01  -2.9514244e-01
   5.9200000e+00   1.2790145e-01  -2.9165007e-01
   5.9400000e+00   1.3369868e-01  -2.8805633e-01
   5.9600000e+00   1.3942304e-01  -2.8436291e-01
   5.9800000e+00   1.4507254e-01  -2.8057151e-01
   6.0000000e+00   1.5064526e-01  -2.7668386e-01
   6.0200000e+00   1.5613927e-01  -2.7270173e-01
   6.0400000e+00   1.6155271e-01  -2.6862692e-01
   6.0600000e+00   1.6688374e-01  -2.6446125e-01
   6.0800000e+00   1.7213057e-01  -2.6020657e-01
   6.1000000e+00   1.7729142e-01  -2.5586477e-01
   6.1200000e+00   1.8236459e-01  -2.5143775e-01
   6.1400000e+00   1.8734838e-01  -2.4692745e-01
   6.1600000e+00   1.9224114e-01  -2.4233583e-01
   6.1800000e+00   1.9704128e-01  -2.3766486e-01
   6.2000000e+00   2.0174722e-01  -2.3291657e-01
   6.2200000e+00   2.0635744e-01  -2.2809297e-01
   6.2400000e+00   2.1087045e-01  -2.2319612e-01
   6.2600000e+00   2.1528481e-01  -2.1822810e-01
   6.2800000e+00   2.1959912e-01  -2.1319100e-01
   6.3000000e+00   2.2381201e-01  -2.0808694e-01
   6.3200000e+00   2.2792216e-01  -2.0291805e-01
   6.3400000e+00   2.3192831e-01  -1.9768648e-01
   6.3600000e+00   2.3582922e-01  -1.9239441e-01
   6.3800000e+00   2.3962370e-01  -1.8704402e-01
   6.4000000e+00   2.4331060e-01  -1.8163751e-01
   6.4200000e+00   2.4688884e-01  -1.7617710e-01
   6.4400000e+00   2.5035734e-01  -1.7066502e-01
   6.4600000e+00   2.5371511e-01  -1.6510353e-01
   6.4800000e+00   2.5696117e-01  -1.5949486e-01
   6.5000000e+00   2.6009461e-01  -1.5384130e-01
   6.5200000e+00   2.6311454e-01  -1.4814512e-01
   6.5400000e+00   2.6602014e-01  -1.4240862e-01
   6.5600000e+00   2.6881063e-01  -1.3663409e-01
   6.5800000e+00   2.7148527e-01  -1.3082383e-01
   6.6000000e+00   2.7404336e-01  -1.2498017e-01
   6.6200000e+00   2.7648427e-01  -1.1910541e-01
   6.6400000e+00   2.7880739e-01  -1.1320190e-01
   6.6600000e+00   2.8101217e-01  -1.0727196e-01
   6.6800000e+00   2.8309810e-01  -1.0131792e-01
   6.7000000e+00   2.8506474e-01  -9.5342118e-02
   6.7200000e+00   2.8691166e-01  -8.9346901e-02
   6.7400000e+00   2.8863850e-01  -8.3334605e-02
   6.7600000e+00   2.9024494e-01  -7.7307574e-02
   6.7800000e+00   2.9173072e-01  -7.1268146e-02
   6.8000000e+00   2.9309560e-01  -6.5218663e-02
   6.8200000e+00   2.9433942e-01  -5.9161462e-02
   6.8400000e+00   2.9546203e-01  -5.3098876e-02
   6.8600000e+00   2.9646335e-01  -4.7033237e-02
   6.8800000e+00   2.9734335e-01  -4.0966870e-02
   6.9000000e+00   2.9810204e-01  -3.4902096e-02
   6.9200000e+00   2.9873946e-01  -2.8841228e-02
   6.9400000e+00   2.9925573e-01  -2.2786573e-02
   6.9600000e+00   2.9965098e-01  -1.6740429e-02
   6.9800000e+00   2.9992542e-01  -1.0705086e-02
   7.0000000e+00   3.0007927e-01  -4.6828235e-03
   7.0200000e+00   3.0011283e-01   1.3240893e-03
   7.0400000e+00   3.0002642e-01   7.3133944e-03
   7.0600000e+00   2.9982043e-01   1.3282846e-02
   7.0800000e+00   2.9949526e-01   1.9230213e-02
   7.1000000e+00   2.9905138e-01   2.5153274e-02
   7.1200000e+00   2.9848930e-01   3.1049827e-02
   7.1400000e+00   2.9780958e-01   3.6917682e-02
   7.1600000e+00   2.9701280e-01   4.2754667e-02
   7.1800000e+00   2.9609961e-01   4.8558626e-02
   7.2000000e+00   2.9507069e-01   5.4327420e-02
   7.2200000e+00   2.9392676e-01   6.0058931e-02
   7.2400000e+00   2.9266860e-01   6.5751057e-02
   7.2600000e+00   2.9129700e-01   7.1401719e-02
   7.2800000e+00   2.8981282e-01   7.7008856e-02
   7.3000000e+00   2.8821695e-01   8.2570430e-02
   7.3200000e+00   2.8651032e-01   8.8084425e-02
   7.3400000e+00   2.8469390e-01   9.3548847e-02
   7.3600000e+00   2.8276871e-01   9.8961726e-02
   7.3800000e+00   2.8073579e-01   1.0432112e-01
   7.4000000e+00   2.7859623e-01   1.0962509e-01
   7.4200000e+00   2.7635117e-01   1.1487177e-01
   7.4400000e+00   2.7400176e-01   1.2005927e-01
   7.4600000e+00   2.7154920e-01   1.2518575e-01
   7.4800000e+00   2.6899475e-01   1.3024940e-01
   7.5000000e+00   2.6633966e-01   1.3524843e-01
   7.5200000e+00   2.6358525e-01   1.4018108e-01
   7.5400000e+00   2.6073287e-01   1.4504562e-01
   7.5600000e+00   2.5778389e-01   1.4984036e-01
   7.5800000e+00   2.5473973e-01   1.5456362e-01
   7.6000000e+00   2.5160183e-01   1.5921377e-01
   7.6200000e+00   2.4837168e-01   1.6378920e-01
   7.6400000e+00   2.4505077e-01   1.6828833e-01
   7.6600000e+00   2.4164066e-01   1.7270963e-01
   7.6800000e+00   2.3814292e-01   1.7705158e-01
   7.7000000e+00   2.3455914e-01   1.8131272e-01
   7.7200000e+00   2.3089096e-01   1.8549159e-01
   7.7400000e+00   2.2714003e-01   1.8958679e-01
   7.7600000e+00   2.2330805e-01   1.9359696e-01
   7.7800000e+00   2.1939673e-01   1.9752075e-01
   7.8000000e+00   2.1540781e-01   2.0135687e-01
   7.8200000e+00   2.1134305e-01   2.0510405e-01
   7.8400000e+00   2.0720425e-01   2.0876107e-01
   7.8600000e+00   2.0299322e-01   2.1232672e-01
   7.8800000e+00   1.9871179e-01   2.1579987e-01
   7.9000000e+00   1.9436184e-01   2.1917940e-01
   7.9200000e+00   1.8994525e-01   2.2246423e-01
   7.9400000e+00   1.8546391e-01   2.2565331e-01
   7.9600000e+00   1.8091976e-01   2.2874566e-01
   7.9800000e+00   1.7631474e-01   2.3174031e-01
   8.0000000e+00   1.7165081e-01   2.3463635e-01
   8.0200000e+00   1.6692995e-01   2.3743288e-01
   8.0400000e+00   1.6215416e-01   2.4012907e-01
   8.0600000e+00   1.5732546e-01   2.4272411e-01
   8.0800000e+00   1.5244588e-01   2.4521725e-01
   8.1000000e+00   1.4751745e-01   2.4760777e-01
   8.1200000e+00   1.4254225e-01   2.4989498e-01
   8.1400000e+00   1.3752235e-01   2.5207824e-01
   8.1600000e+00   1.3245982e-01   2.5415696e-01
   8.1800000e+00   1.2735677e-01   2.5613059e-01
   8.2000000e+00   1.2221530e-01   2.5799860e-01
   8.2200000e+00   1.1703753e-01   2.5976052e-01
   8.2400000e+00   1.1182559e-01   2.6141592e-01
   8.2600000e+00   1.0658161e-01   2.6296441e-01
   8.2800000e+00   1.0130773e-01   2.6440564e-01
   8.3000000e+00   9.6006101e-02   2.6573930e-01
   8.3200000e+00   9.0678877e-02   2.6696513e-01
   8.3400000e+00   8.5328216e-02   2.6808290e-01
   8.3600000e+00   7.9956282e-02   2.6909244e-01
   8.3800000e+00   7.4565241e-02   2.6999359e-01
   8.4000000e+00   6.9157262e-02   2.7078627e-01
   8.4200000e+00   6.3734514e-02   2.7147041e-01
   8.4400000e+00   5.8299169e-02   2.7204601e-01
   8.4600000e+00   5.2853397e-02   2.7251308e-01
   8.4800000e+00   4.7399369e-02   2.7287169e-01
   8.5000000e+00   4.1939252e-02   2.7312196e-01
   8.5200000e+00   3.6475212e-02   2.7326404e-01
   8.5400000e+00   3.1009410e-02   2.7329811e-01
   8.5600000e+00   2.5544006e-02   2.7322442e-01
   8.5800000e+00   2.0081150e-02   2.7304322e-01
   8.6000000e+00   1.4622991e-02   2.7275484e-01
   8.6200000e+00   9.1716687e-03   2.7235964e-01
   8.6400000e+00   3.7293153e-03   2.7185800e-01
   8.6600000e+00  -1.7019446e-03   2.7125036e-01
   8.6800000e+00  -7.1199957e-03   2.7053720e-01
   8.7000000e+00  -1.2522732e-02   2.6971902e-01
   8.7200000e+00  -1.7908060e-02   2.6879639e-01
   8.7400000e+00  -2.3273896e-02   2.6776989e-01
   8.7600000e+00  -2.8618168e-02   2.6664016e-01
   8.7800000e+00  -3.3938818e-02   2.6540786e-01
   8.8000000e+00  -3.9233803e-02   2.6407370e-01
   8.8200000e+00  -4.4501092e-02   2.6263843e-01
   8.8400000e+00  -4.9738671e-02   2.6110282e-01
   8.8600000e+00  -5.4944542e-02   2.5946770e-01
   8.8800000e+00  -6.0116722e-02   2.5773392e-01
   8.9000000e+00  -6.5253247e-02   2.5590237e-01
   8.9200000e+00  -7.0352171e-02   2.5397398e-01
   8.9400000e+00  -7.5411567e-02   2.5194971e-01
   8.9600000e+00  -8.0429527e-02   2.4983057e-01
   8.9800000e+00  -8.5404164e-02   2.4761757e-01
   9.0000000e+00  -9.0333611e-02   2.4531179e-01
   9.0200000e+00  -9.5216024e-02   2.4291432e-01
   9.0400000e+00  -1.0004958e-01   2.4042630e-01
   9.0600000e+00  -1.0483248e-01   2.3784890e-01
   9.0800000e+00  -1.0956295e-01   2.3518330e-01
   9.1000000e+00  -1.1423923e-01   2.3243075e-01
   9.1200000e+00  -1.1885961e-01   2.2959248e-01
   9.1400000e+00  -1.2342237e-01   2.2666981e-01
   9.1600000e+00  -1.2792585e-01   2.2366404e-01
   9.1800000e+00  -1.3236839e-01   2.2057653e-01
   9.2000000e+00  -1.3674837e-01   2.1740865e-01
   9.2200000e+00  -1.4106421e-01   2.1416182e-01
   9.2400000e+00  -1.4531433e-01   2.1083745e-01
   9.2600000e+00  -1.4949720e-01   2.0743702e-01
   9.2800000e+00  -1.5361131e-01   2.0396201e-01
   9.3000000e+00  -1.5765519e-01   2.0041393e-01
   9.3200000e+00  -1.6162739e-01   1.9679432e-01
   9.3400000e+00  -1.6552650e-01   1.9310475e-01
   9.3600000e+00  -1.6935112e-01   1.8934679e-01
   9.3800000e+00  -1.7309992e-01   1.8552207e-01
   9.4000000e+00  -1.7677157e-01   1.8163220e-01
   9.4200000e+00  -1.8036479e-01   1.7767886e-01
   9.4400000e+00  -1.8387831e-01   1.7366370e-01
   9.4600000e+00  -1.8731093e-01   1.6958843e-01
   9.4800000e+00  -1.9066146e-01   1.6545476e-01
   9.5000000e+00  -1.9392875e-01   1.6126443e-01
   9.5200000e+00  -1.9711167e-01   1.5701919e-01
   9.5400000e+00  -2.0020916e-01   1.5272081e-01
   9.5600000e+00  -2.0322016e-01   1.4837108e-01
   9.5800000e+00  -2.0614367e-01   1.4397181e-01
   9.6000000e+00  -2.0897872e-01   1.3952481e-01
   9.6200000e+00  -2.1172436e-01   1.3503192e-01
   9.6400000e+00  -2.1437970e-01   1.3049499e-01
   9.6600000e+00  -2.1694388e-01   1.2591588e-01
   9.6800000e+00  -2.1941607e-01   1.2129647e-01
   9.7000000e+00  -2.2179548e-01   1.1663865e-01
   9.7200000e+00  -2.2408137e-01   1.1194431e-01
   9.7400000e+00  -2.2627302e-01   1.0721535e-01
   9.7600000e+00  -2.2836977e-01   1.0245372e-01
   9.7800000e+00  -2.3037097e-01   9.7661316e-02
   9.8000000e+00  -2.3227603e-01   9.2840091e-02
   9.8200000e+00  -2.3408439e-01   8.7991985e-02
   9.8400000e+00  -2.3579554e-01   8.3118947e-02
   9.8600000e+00  -2.3740900e-01   7.8222934e-02
   9.8800000e+00  -2.3892432e-01   7.3305907e-02
   9.9000000e+00  -2.4034111e-01   6.8369832e-02
   9.9200000e+00  -2.4165900e-01   6.3416678e-02
   9.9400000e+00  -2.4287767e-01   5.8448418e-02
   9.9600000e+00  -2.4399685e-01   5.3467025e-02
   9.9800000e+00  -2.4501628e-01   4.8474476e-02
   1.0000000e+01  -2.4593576e-01   4.3472746e-02
